-3.418550718873843
-2.7521579565770296
-2.7521579565770296
-2.7521579565770296
-2.7521579565770296
-2.1027484834620727
-2.000000000000003
-2.000000000000001
-2.000000000000001
-2.000000000000001
-2.000000000000001
-2.000000000000001
-2.000000000000001
-2.000000000000001
-2.000000000000001
-2.000000000000001
-2.000000000000001
-1.9999999999999984
-1.8064238518231075
-1.8064238518231075
-1.8064238518231053
-1.464101615137756
-1.4641016151377537
-1.4641016151377537
-1.4641016151377537
-1.0681403934454632
-0.828427124746191
-0.828427124746191
-0.828427124746191
-0.828427124746191
-0.828427124746191
-0.8284271247461887
-0.8284271247461887
-0.8284271247461887
-2.3622302379970874e-15
-2.3622302379970874e-15
-2.3622302379970874e-15
-2.3622302379970874e-15
-2.3622302379970874e-15
-2.3622302379970874e-15
-3.624474183237647e-17
-3.624474183237647e-17
-3.624474183237647e-17
-3.624474183237647e-17
-3.624474183237647e-17
-3.624474183237647e-17
-3.624474183237647e-17
-3.624474183237647e-17
-3.624474183237647e-17
-3.624474183237647e-17
-3.624474183237647e-17
-3.624474183237647e-17
-3.624474183237647e-17
-3.624474183237647e-17
-3.624474183237647e-17
-3.624474183237647e-17
0.0
2.289740754332334e-15
2.289740754332334e-15
2.289740754332334e-15
2.289740754332334e-15
2.289740754332334e-15
2.289740754332334e-15
2.289740754332334e-15
0.5814492811261534
0.8096241115758274
0.8096241115758274
0.8096241115758274
0.8096241115758274
1.2478420434229693
1.2478420434229718
1.2478420434229718
1.247842043422974
1.6121268670507398
1.9999999999999962
1.9999999999999962
1.9999999999999984
1.9999999999999984
1.9999999999999984
1.9999999999999984
1.9999999999999984
1.9999999999999984
1.9999999999999984
1.9999999999999984
2.000000000000001
2.000000000000001
2.000000000000001
2.000000000000001
2.000000000000001
2.000000000000001
2.000000000000001
2.000000000000001
2.000000000000001
2.000000000000001
2.000000000000001
2.000000000000001
2.000000000000001
2.000000000000001
2.000000000000003
2.000000000000003
2.3878731329492577
2.3878731329492604
2.3878731329492604
2.535898384862244
2.535898384862244
2.535898384862244
2.535898384862244
2.9653919099833876
3.1715728752538084
3.1715728752538084
3.190375888424172
3.190375888424172
3.190375888424174
3.190375888424174
3.9999999999999947
3.9999999999999964
3.9999999999999964
3.9999999999999964
3.9999999999999964
3.9999999999999964
3.9999999999999964
3.9999999999999964
3.9999999999999964
3.9999999999999964
3.9999999999999982
3.9999999999999982
3.999999999999999
3.999999999999999
3.999999999999999
3.999999999999999
3.999999999999999
3.999999999999999
3.999999999999999
4.000000000000001
4.000000000000001
4.000000000000001
4.000000000000001
4.000000000000001
4.000000000000001
4.000000000000001
4.000000000000001
4.000000000000001
4.0000000000000036
4.0000000000000036
4.0000000000000036
4.0000000000000036
4.0000000000000036
4.0000000000000036
4.0000000000000036
4.5814492811261545
4.8096241115758245
4.809624111575827
4.809624111575827
4.809624111575829
4.828427124746186
4.828427124746188
4.828427124746188
4.828427124746188
4.828427124746191
4.828427124746193
4.828427124746193
4.828427124746193
5.034608090016611
5.464101615137752
5.464101615137754
5.464101615137754
5.464101615137757
5.612126867050739
5.806423851823109
5.9999999999999964
5.9999999999999964
5.9999999999999964
5.9999999999999964
5.999999999999999
5.999999999999999
5.999999999999999
5.999999999999999
5.999999999999999
6.000000000000002
6.000000000000002
6.000000000000002
6.000000000000002
6.000000000000002
6.000000000000002
6.000000000000002
6.000000000000002
6.000000000000002
6.0000000000000036
6.0000000000000036
6.0000000000000036
6.0000000000000036
6.752157956577026
6.752157956577026
6.752157956577029
6.752157956577029
7.171572875253809
7.171572875253809
7.190375888424169
7.190375888424172
7.190375888424172
7.190375888424175
7.418550718873844
7.418550718873844
7.418550718873846
7.999999999999993
7.999999999999995
7.999999999999995
7.999999999999997
7.999999999999997
7.999999999999997
7.999999999999999
7.999999999999999
7.999999999999999
7.999999999999999
8.000000000000002
8.000000000000002
8.000000000000002
8.000000000000002
8.000000000000002
8.000000000000002
8.000000000000005
8.828427124746192
8.828427124746197
9.068140393445463
9.464101615137752
9.464101615137755
9.464101615137755
9.464101615137755
9.612126867050742
9.806423851823107
9.999999999999998
9.999999999999998
9.999999999999998
9.999999999999998
9.999999999999998
10.000000000000002
10.000000000000002
10.000000000000002
10.000000000000002
10.000000000000004
10.102748483462078
10.752157956577026
10.752157956577026
10.75215795657703
10.75215795657703
11.999999999999996
11.999999999999998
11.999999999999998
11.999999999999998
12.000000000000007
12.828427124746188
12.828427124746188
13.806423851823107
13.999999999999996
14.0
16.0
