-3.4185507188738433
-2.752157956577033
-2.7521579565770287
-2.7521579565770287
-2.7521579565770287
-2.102748483462074
-2.0
-2.0
-2.0
-2.0
-1.9999999999999996
-1.9999999999999996
-1.9999999999999996
-1.9999999999999996
-1.9999999999999996
-1.9999999999999996
-1.9999999999999973
-1.9999999999999973
-1.8064238518231086
-1.8064238518231062
-1.8064238518231062
-1.4641016151377555
-1.4641016151377555
-1.4641016151377555
-1.464101615137753
-1.068140393445464
-0.8284271247461914
-0.8284271247461914
-0.828427124746189
-0.828427124746189
-0.828427124746189
-0.828427124746189
-0.828427124746189
-0.8284271247461867
-1.0832034571878058e-15
-1.0832034571878058e-15
-1.0832034571878058e-15
-1.0832034571878058e-15
-1.0832034571878058e-15
-1.0832034571878058e-15
-1.0832034571878058e-15
-1.0832034571878058e-15
-1.0832034571878058e-15
-1.0832034571878058e-15
-1.5700924586837823e-16
-1.5700924586837823e-16
-1.5700924586837771e-16
0.0
0.0
0.0
0.0
1.5700924586837823e-16
1.5700924586837823e-16
1.279936543807591e-15
1.279936543807591e-15
1.279936543807591e-15
1.279936543807591e-15
1.279936543807591e-15
1.279936543807591e-15
1.279936543807591e-15
1.279936543807591e-15
1.279936543807591e-15
1.279936543807591e-15
1.279936543807591e-15
0.5814492811261558
0.8096241115758259
0.8096241115758259
0.8096241115758283
0.8096241115758283
1.2478420434229702
1.2478420434229702
1.2478420434229702
1.2478420434229727
1.6121268670507392
1.9999999999999973
1.9999999999999973
1.9999999999999973
1.9999999999999973
1.9999999999999973
1.9999999999999991
1.9999999999999996
1.9999999999999998
1.9999999999999998
1.9999999999999998
1.9999999999999998
1.9999999999999998
1.9999999999999998
1.9999999999999998
1.9999999999999998
1.9999999999999998
1.9999999999999998
2.0
2.0
2.0
2.0000000000000018
2.0000000000000018
2.0000000000000018
2.0000000000000018
2.0000000000000018
2.0000000000000018
2.387873132949259
2.3878731329492613
2.3878731329492613
2.5358983848622447
2.5358983848622447
2.535898384862247
2.535898384862247
2.96539190998339
3.1715728752538115
3.1715728752538115
3.1903758884241715
3.1903758884241715
3.1903758884241715
3.1903758884241737
3.999999999999993
3.9999999999999956
3.9999999999999956
3.9999999999999956
3.9999999999999956
3.9999999999999956
3.999999999999998
3.999999999999998
3.999999999999998
3.999999999999998
3.999999999999998
3.999999999999998
3.999999999999998
4.0
4.0
4.0
4.0
4.0
4.0
4.0
4.0
4.0
4.0
4.000000000000002
4.000000000000003
4.000000000000003
4.000000000000003
4.000000000000003
4.000000000000003
4.000000000000003
4.0000000000000036
4.000000000000005
4.000000000000005
4.000000000000005
4.000000000000007
4.5814492811261545
4.809624111575826
4.809624111575829
4.809624111575829
4.809624111575831
4.82842712474619
4.82842712474619
4.82842712474619
4.82842712474619
4.82842712474619
4.828427124746192
4.828427124746192
4.828427124746192
5.0346080900166115
5.464101615137754
5.464101615137754
5.464101615137754
5.464101615137757
5.612126867050739
5.806423851823106
5.9999999999999964
5.9999999999999964
5.9999999999999964
5.999999999999998
5.999999999999998
5.999999999999998
5.999999999999998
5.999999999999998
6.0
6.000000000000001
6.000000000000001
6.000000000000001
6.000000000000002
6.000000000000002
6.0000000000000036
6.0000000000000036
6.0000000000000036
6.0000000000000036
6.0000000000000036
6.000000000000005
6.000000000000005
6.000000000000005
6.752157956577026
6.752157956577026
6.752157956577029
6.752157956577031
7.171572875253807
7.171572875253807
7.190375888424167
7.190375888424171
7.190375888424171
7.190375888424174
7.418550718873844
7.418550718873844
7.418550718873844
7.999999999999993
7.999999999999996
7.999999999999998
7.999999999999998
7.999999999999998
7.999999999999998
7.999999999999998
8.0
8.0
8.0
8.0
8.000000000000004
8.000000000000004
8.000000000000004
8.000000000000004
8.000000000000005
8.000000000000005
8.828427124746188
8.828427124746188
9.068140393445463
9.464101615137752
9.464101615137755
9.464101615137755
9.464101615137755
9.612126867050735
9.806423851823107
9.999999999999995
9.999999999999998
9.999999999999998
9.999999999999998
10.000000000000002
10.000000000000002
10.000000000000002
10.000000000000002
10.000000000000002
10.000000000000002
10.102748483462074
10.752157956577024
10.752157956577026
10.75215795657703
10.752157956577031
11.999999999999998
11.999999999999998
11.999999999999998
12.0
12.000000000000007
12.82842712474619
12.82842712474619
13.806423851823105
13.999999999999996
13.999999999999996
16.0
