-4.0000000000000036
-4.000000000000001
-4.000000000000001
-4.000000000000001
-4.000000000000001
-3.9999999999999996
-3.9999999999999996
-3.9999999999999996
-3.9999999999999996
-3.9999999999999996
-3.9999999999999996
-3.9999999999999996
-3.9999999999999987
-3.9999999999999973
-3.9999999999999973
-3.9999999999999973
-2.0000000000000027
-2.0000000000000027
-2.0000000000000013
-2.0000000000000013
-2.0000000000000013
-2.0000000000000013
-2.0000000000000013
-2.0000000000000013
-2.0000000000000013
-2.0000000000000013
-2.0
-2.0
-2.0
-2.0
-2.0
-2.0
-2.0
-2.0
-2.0
-2.0
-2.0
-2.0
-2.0
-2.0
-2.0
-2.0
-2.0
-2.0
-2.0
-2.0
-2.0
-2.0
-2.0
-2.0
-2.0
-2.0
-2.0
-2.0
-2.0
-2.0
-1.999999999999999
-1.999999999999999
-1.999999999999999
-1.999999999999999
-1.999999999999999
-1.999999999999999
-1.999999999999999
-1.999999999999999
-1.999999999999999
-1.999999999999999
-1.999999999999999
-1.999999999999999
-1.999999999999999
-1.999999999999999
-1.999999999999999
-1.999999999999999
-1.999999999999999
-1.999999999999999
-1.999999999999999
-1.999999999999999
-1.9999999999999976
-1.9999999999999976
-1.9999999999999976
-1.9999999999999976
-2.24784193543161e-15
-9.542261814611818e-16
-9.542261814611818e-16
-9.542261814611818e-16
-9.542261814611818e-16
-9.542261814611818e-16
-9.542261814611818e-16
-9.542261814611818e-16
-9.542261814611818e-16
-9.542261814611818e-16
-9.542261814611818e-16
-9.542261814611818e-16
-9.542261814611818e-16
-9.542261814611818e-16
-9.542261814611818e-16
-9.542261814611818e-16
-9.542261814611818e-16
-9.542261814611818e-16
-9.542261814611818e-16
-9.542261814611818e-16
-9.542261814611818e-16
-9.542261814611818e-16
-9.542261814611818e-16
-9.542261814611818e-16
-9.542261814611818e-16
-9.542261814611818e-16
-9.542261814611818e-16
-9.542261814611818e-16
-9.542261814611818e-16
-9.542261814611818e-16
-9.542261814611818e-16
-9.542261814611818e-16
-9.542261814611818e-16
-9.542261814611818e-16
-9.542261814611818e-16
0.0
0.0
3.393895725092465e-16
3.393895725092465e-16
3.393895725092465e-16
3.393895725092465e-16
3.393895725092465e-16
3.393895725092465e-16
3.393895725092465e-16
3.393895725092465e-16
3.393895725092465e-16
3.393895725092465e-16
3.393895725092465e-16
3.393895725092465e-16
3.393895725092465e-16
3.393895725092465e-16
3.393895725092465e-16
3.393895725092465e-16
3.393895725092465e-16
3.393895725092465e-16
3.393895725092465e-16
3.393895725092465e-16
3.393895725092465e-16
3.393895725092465e-16
3.393895725092465e-16
3.393895725092465e-16
3.393895725092465e-16
3.393895725092465e-16
3.393895725092465e-16
3.393895725092465e-16
3.393895725092465e-16
3.393895725092465e-16
3.393895725092465e-16
3.393895725092465e-16
3.393895725092465e-16
3.393895725092465e-16
3.393895725092465e-16
3.393895725092465e-16
3.393895725092465e-16
3.393895725092465e-16
3.393895725092465e-16
3.393895725092465e-16
3.393895725092465e-16
3.393895725092465e-16
3.393895725092465e-16
1.6330053264796748e-15
1.6330053264796748e-15
1.6330053264796748e-15
1.6330053264796748e-15
1.6330053264796748e-15
1.6330053264796748e-15
1.6330053264796748e-15
1.6330053264796748e-15
1.6330053264796748e-15
1.6330053264796748e-15
1.6330053264796748e-15
1.6330053264796748e-15
1.6330053264796748e-15
1.6330053264796748e-15
1.6330053264796748e-15
1.6330053264796748e-15
1.9999999999999984
1.9999999999999984
1.9999999999999984
1.9999999999999984
1.9999999999999984
1.9999999999999984
1.9999999999999984
1.9999999999999984
1.9999999999999984
1.9999999999999984
1.9999999999999984
1.9999999999999984
1.9999999999999984
1.9999999999999984
1.9999999999999984
1.9999999999999984
1.9999999999999998
1.9999999999999998
1.9999999999999998
1.9999999999999998
1.9999999999999998
1.9999999999999998
1.9999999999999998
1.9999999999999998
1.9999999999999998
1.9999999999999998
1.9999999999999998
1.9999999999999998
1.9999999999999998
1.9999999999999998
1.9999999999999998
1.9999999999999998
1.9999999999999998
1.9999999999999998
1.9999999999999998
1.9999999999999998
1.9999999999999998
1.9999999999999998
1.9999999999999998
1.9999999999999998
1.9999999999999998
1.9999999999999998
1.9999999999999998
1.9999999999999998
2.000000000000001
2.000000000000001
2.000000000000001
2.000000000000001
2.000000000000001
2.000000000000001
2.000000000000001
2.000000000000001
2.000000000000001
2.000000000000001
2.000000000000001
2.000000000000001
2.000000000000001
2.000000000000001
2.000000000000001
2.000000000000001
2.000000000000001
2.000000000000001
2.000000000000001
2.0000000000000027
3.9999999999999982
3.999999999999999
3.999999999999999
3.999999999999999
3.999999999999999
3.999999999999999
3.999999999999999
3.999999999999999
3.999999999999999
4.0
4.0
4.0
4.0
4.000000000000002
4.000000000000002
4.000000000000003
