-3.5089560820989574
-2.948526948796587
-2.948526948796587
-2.948526948796586
-2.9485269487965855
-2.4244289008980546
-2.191482503428726
-2.1914825034287255
-2.191482503428723
-2.0000000000000027
-2.0000000000000018
-2.000000000000001
-2.0000000000000004
-1.9999999999999993
-1.999999999999999
-1.9999999999999978
-1.9999999999999978
-1.9999999999999976
-1.9999999999999973
-1.999999999999997
-1.999999999999997
-1.5413812651491117
-1.5413812651491108
-1.5413812651491088
-1.5413812651491072
-1.4244289008980493
-1.0000000000000004
-0.9999999999999997
-0.9999999999999993
-0.9999999999999988
-0.9999999999999984
-0.9999999999999974
-0.9999999999999967
-0.9999999999999961
-0.508956082098956
-0.30277563773199734
-0.30277563773199523
-0.3027756377319944
-0.302775637731992
-6.834677011917061e-15
-6.670764683100999e-15
-5.730039215207178e-15
-5.256936318995724e-15
-4.944621182250295e-15
-3.9579916257267515e-15
-3.1000209761369245e-15
-3.040299250471594e-15
-2.6923741516555564e-15
-4.916797207118378e-32
-1.0152325315948398e-32
0.0
0.0
0.0
0.0
1.0016490810818965e-32
9.417788643043157e-16
1.002603926314745e-15
1.284391741838726e-15
1.4889317002998823e-15
1.7763568394002505e-15
1.7763568394002505e-15
2.315661102314394e-15
4.381687260999791e-15
4.491593591175149e-15
4.892546372549649e-15
0.05147305120340954
0.05147305120341195
0.05147305120341329
0.05147305120341715
0.6570243266673993
0.6570243266674007
0.6570243266674022
0.6570243266674078
0.9999999999999939
0.999999999999994
0.9999999999999953
0.9999999999999964
0.9999999999999968
0.9999999999999981
0.9999999999999984
0.9999999999999992
0.9999999999999997
1.0000000000000007
1.0000000000000036
1.0000000000000056
1.0000000000000067
1.0000000000000087
1.3174735786702345
1.458618734850887
1.4586187348508877
1.4586187348508886
1.4586187348508917
1.6825264213297655
1.6825264213297655
1.682526421329775
1.9999999999999927
1.999999999999995
1.9999999999999964
1.9999999999999978
1.9999999999999984
1.9999999999999993
2.0
2.0
2.0
2.0000000000000004
2.000000000000003
2.0000000000000036
2.000000000000004
2.0000000000000058
2.000000000000006
2.3429756733325875
2.342975673332595
2.342975673332596
2.342975673332601
2.491043917901043
2.6972243622680034
2.697224362268006
2.6972243622680088
2.697224362268013
2.9999999999999902
2.999999999999994
2.9999999999999942
2.9999999999999956
2.9999999999999956
2.999999999999997
2.999999999999997
2.999999999999998
2.999999999999998
2.9999999999999982
2.9999999999999982
2.999999999999999
2.9999999999999996
3.0
3.0
3.0
3.000000000000001
3.000000000000001
3.0000000000000018
3.000000000000002
3.000000000000002
3.000000000000003
3.000000000000003
3.000000000000003
3.0000000000000053
3.000000000000007
3.000000000000009
3.3027756377319877
3.3027756377319957
3.302775637732001
3.3027756377320023
3.657024326667396
3.657024326667399
3.6570243266674027
3.657024326667403
3.9999999999999907
3.999999999999991
3.999999999999992
3.9999999999999947
3.9999999999999956
3.999999999999997
3.999999999999997
3.999999999999997
3.999999999999998
4.0
4.000000000000002
4.0000000000000036
4.000000000000006
4.000000000000007
4.000000000000008
4.000000000000009
4.000000000000009
4.317473578670224
4.541381265149104
4.541381265149107
4.5413812651491074
4.541381265149111
4.999999999999988
4.9999999999999885
4.999999999999991
4.999999999999992
4.999999999999994
4.9999999999999964
4.9999999999999964
4.9999999999999964
5.0
5.0
5.000000000000001
5.000000000000002
5.000000000000003
5.000000000000005
5.000000000000007
5.000000000000012
5.19148250342873
5.3429756733325915
5.342975673332596
5.342975673332599
5.3429756733326075
5.948526948796576
5.948526948796584
5.948526948796584
5.948526948796586
5.999999999999982
5.999999999999986
5.999999999999993
5.999999999999998
5.999999999999999
5.999999999999999
6.0
6.000000000000001
6.000000000000001
6.000000000000001
6.000000000000007
6.000000000000011
6.00000000000002
6.3027756377319815
6.302775637731986
6.302775637731992
6.302775637731998
6.50895608209893
6.5089560820989485
6.508956082098963
7.0
7.0000000000000036
7.0000000000000036
7.000000000000016
7.3174735786702385
7.424428900898059
7.541381265149099
7.541381265149115
7.541381265149116
7.541381265149116
7.999999999999978
7.999999999999986
7.999999999999987
7.999999999999999
8.0
8.0
8.000000000000007
8.000000000000007
8.19148250342873
8.424428900898052
8.94852694879658
8.948526948796582
8.948526948796582
8.948526948796594
8.999999999999993
8.999999999999998
9.0
9.000000000000002
9.000000000000002
9.999999999999988
9.999999999999996
10.999999999999996
11.0
11.191482503428729
12.0
