-3.5089560820989583
-2.9485269487965864
-2.9485269487965846
-2.948526948796584
-2.9485269487965837
-2.424428900898052
-2.1914825034287273
-2.191482503428727
-2.1914825034287255
-2.000000000000002
-2.0000000000000018
-2.000000000000001
-2.0000000000000004
-1.9999999999999991
-1.999999999999999
-1.9999999999999987
-1.999999999999998
-1.999999999999998
-1.9999999999999976
-1.999999999999997
-1.9999999999999967
-1.5413812651491123
-1.5413812651491108
-1.5413812651491101
-1.5413812651491061
-1.4244289008980524
-1.0000000000000036
-1.0000000000000024
-1.0000000000000024
-1.0000000000000018
-1.0000000000000002
-0.9999999999999991
-0.9999999999999986
-0.9999999999999982
-0.5089560820989596
-0.30277563773199845
-0.30277563773199634
-0.3027756377319959
-0.3027756377319934
-6.132068659211176e-15
-5.759390972845051e-15
-4.6209345156387224e-15
-4.604013537378632e-15
-4.077711052237227e-15
-3.8702948204049136e-15
-3.7501662610935125e-15
-3.562893840833568e-15
-3.4067015573765236e-15
-2.852098100636555e-15
-2.2773487789559884e-15
-1.878462130491312e-15
-1.8606817068798324e-15
-7.588844309487033e-16
-5.567574239284008e-16
-2.6725605071428224e-16
-3.255783788313542e-17
0.0
5.830989675723418e-17
2.5762801665551037e-16
1.4487485860605509e-15
1.7443250653815616e-15
2.7246392099673295e-15
2.8163348543838906e-15
3.47897583783788e-15
5.25421627411064e-15
0.05147305120341191
0.051473051203416616
0.05147305120341767
0.05147305120342066
0.6570243266673964
0.6570243266673993
0.6570243266674005
0.6570243266674044
0.9999999999999928
0.9999999999999946
0.9999999999999953
0.9999999999999953
0.9999999999999962
0.9999999999999973
0.9999999999999976
0.9999999999999984
0.9999999999999989
0.9999999999999999
1.0000000000000004
1.0000000000000027
1.0000000000000033
1.0000000000000056
1.3174735786702265
1.4586187348508868
1.4586187348508877
1.4586187348508897
1.4586187348508954
1.6825264213297664
1.6825264213297693
1.6825264213297704
1.999999999999991
1.9999999999999911
1.9999999999999947
1.9999999999999964
1.9999999999999967
1.9999999999999973
1.9999999999999973
1.9999999999999978
1.9999999999999982
1.9999999999999991
1.9999999999999996
1.9999999999999998
2.000000000000003
2.000000000000005
2.0000000000000053
2.342975673332593
2.342975673332597
2.3429756733325973
2.342975673332604
2.491043917901036
2.697224362268001
2.697224362268005
2.6972243622680074
2.6972243622680083
2.999999999999989
2.99999999999999
2.9999999999999902
2.9999999999999933
2.999999999999994
2.999999999999995
2.9999999999999964
2.9999999999999964
2.999999999999997
2.999999999999998
2.999999999999999
2.9999999999999996
3.0
3.0
3.000000000000001
3.000000000000001
3.000000000000001
3.0000000000000036
3.000000000000005
3.0000000000000067
3.000000000000007
3.000000000000008
3.000000000000008
3.00000000000001
3.0000000000000107
3.0000000000000107
3.0000000000000107
3.302775637731988
3.3027756377319917
3.3027756377319943
3.3027756377319997
3.6570243266674
3.6570243266674023
3.6570243266674036
3.65702432666741
3.999999999999988
3.9999999999999893
3.99999999999999
3.999999999999993
3.9999999999999942
3.999999999999995
3.9999999999999982
3.999999999999999
4.0000000000000036
4.0000000000000036
4.000000000000004
4.000000000000005
4.000000000000005
4.000000000000006
4.000000000000006
4.000000000000007
4.000000000000008
4.317473578670231
4.541381265149101
4.541381265149105
4.5413812651491074
4.541381265149111
4.999999999999987
4.999999999999989
4.999999999999992
4.999999999999999
5.000000000000001
5.000000000000003
5.0000000000000036
5.0000000000000036
5.000000000000005
5.000000000000005
5.000000000000006
5.000000000000007
5.000000000000009
5.00000000000001
5.00000000000001
5.0000000000000115
5.19148250342872
5.342975673332594
5.342975673332596
5.342975673332598
5.342975673332598
5.94852694879658
5.948526948796583
5.94852694879659
5.948526948796598
5.999999999999985
5.999999999999992
5.999999999999998
6.0
6.0
6.000000000000001
6.0000000000000036
6.000000000000004
6.000000000000005
6.000000000000007
6.000000000000009
6.000000000000011
6.000000000000018
6.302775637731991
6.302775637731997
6.302775637732
6.302775637732002
6.508956082098946
6.508956082098956
6.508956082098963
6.999999999999997
7.0000000000000036
7.000000000000008
7.000000000000009
7.31747357867024
7.4244289008980395
7.541381265149097
7.541381265149099
7.541381265149101
7.541381265149108
7.999999999999977
7.999999999999983
7.999999999999988
7.999999999999996
7.999999999999999
8.000000000000002
8.000000000000004
8.000000000000009
8.191482503428718
8.424428900898059
8.948526948796555
8.948526948796568
8.948526948796577
8.948526948796587
8.999999999999995
9.000000000000002
9.000000000000004
9.000000000000005
9.000000000000016
10.0
10.000000000000005
11.0
11.000000000000012
11.19148250342873
12.0
