-3.627213005296663
-3.2092514639875556
-3.209251463987551
-3.209251463987551
-3.2092514639875485
-2.8284271247461907
-2.685846165554342
-2.6858461655543415
-2.68584616555434
-2.000000000000002
-2.0000000000000018
-2.0000000000000013
-2.000000000000001
-1.9999999999999998
-1.9999999999999987
-1.999999999999998
-1.9999999999999978
-1.9999999999999978
-1.9999999999999976
-1.999999999999997
-1.999999999999997
-1.9999999999999951
-1.6457513110645947
-1.6457513110645932
-1.6457513110645912
-1.6457513110645887
-1.6272130052966602
-1.236067977499791
-1.2360679774997898
-1.2360679774997885
-1.2360679774997883
-1.236067977499788
-1.2360679774997876
-1.236067977499787
-1.2360679774997865
-1.2092514639875538
-1.2092514639875511
-1.2092514639875505
-1.2092514639875502
-0.7320508075688801
-0.7320508075688776
-0.7320508075688765
-0.7320508075688743
-6.879430879621405e-15
-6.407518193172728e-15
-6.22226894947434e-15
-5.741833923797117e-15
-4.91782746195682e-15
-4.075092593076135e-15
-3.627387010815951e-15
-3.2264313952638736e-15
-2.894903957255649e-15
-2.7348489146769726e-15
-2.6229191115150474e-15
-2.3178011971431494e-15
-2.1416612992653653e-15
-1.0935971261527892e-15
-9.88687836767395e-16
-6.866373628612026e-16
-2.1861265462127038e-16
-4.916797207118378e-32
-1.0152325315948398e-32
0.0
0.0
0.0
0.0
1.0016490810818965e-32
6.363047193499775e-16
1.7240713685585336e-15
1.7763568394002505e-15
1.7763568394002505e-15
1.867591700832012e-15
2.149019238553321e-15
2.31666923221671e-15
3.164342383158077e-15
3.313858151553245e-15
3.475444717823018e-15
3.778940011260479e-15
4.069925289195644e-15
4.579045855440595e-15
5.635502484599265e-15
5.710013454689612e-15
1.0658141036401503e-14
0.35424868893540695
0.35424868893540906
0.3542486889354102
0.35424868893541467
0.3727869947033384
0.46877301186907444
0.4687730118690746
0.4687730118690752
0.4687730118690772
0.7639320225002119
0.7639320225002149
0.9413668397423263
1.0586331602576695
1.0586331602576722
1.0586331602576773
1.171572875253808
1.2679491924311188
1.2679491924311193
1.2679491924311226
1.2679491924311248
1.5312269881309168
1.5312269881309188
1.5312269881309202
1.531226988130922
1.999999999999988
1.9999999999999905
1.999999999999991
1.9999999999999918
1.999999999999992
1.9999999999999933
1.9999999999999947
1.999999999999995
1.999999999999996
1.9999999999999962
1.9999999999999964
1.9999999999999967
1.999999999999997
1.9999999999999971
1.9999999999999973
1.9999999999999982
1.9999999999999982
1.9999999999999987
1.9999999999999991
1.9999999999999991
1.9999999999999993
1.9999999999999993
1.9999999999999996
1.9999999999999998
2.0
2.0
2.0
2.0
2.0
2.0000000000000004
2.0000000000000004
2.0000000000000004
2.0000000000000004
2.000000000000001
2.000000000000001
2.0000000000000013
2.0000000000000013
2.0000000000000018
2.0000000000000018
2.000000000000003
2.0000000000000036
2.000000000000006
2.0000000000000075
2.000000000000008
2.000000000000008
2.000000000000009
2.0000000000000098
2.468773011869071
2.468773011869076
2.4687730118690783
2.4687730118690836
2.732050807568876
2.7320508075688763
2.732050807568877
2.7320508075688847
2.763932022500204
2.7639320225002066
2.828427124746183
2.941366839742319
3.236067977499782
3.2360679774997854
3.236067977499788
3.236067977499793
3.236067977499795
3.236067977499797
3.236067977499797
3.236067977499798
3.5312269881309195
3.531226988130923
3.5312269881309235
3.5312269881309257
3.6457513110645823
3.6457513110645863
3.6457513110645894
3.6457513110645943
3.999999999999987
3.999999999999989
3.9999999999999902
3.999999999999991
3.9999999999999942
3.9999999999999964
3.9999999999999973
3.999999999999998
3.999999999999999
3.999999999999999
4.0
4.000000000000001
4.000000000000001
4.000000000000001
4.000000000000002
4.000000000000003
4.000000000000003
4.000000000000004
4.000000000000004
4.000000000000005
4.000000000000006
4.000000000000007
4.000000000000007
4.000000000000008
4.000000000000009
4.00000000000001
4.000000000000012
4.000000000000013
4.000000000000015
4.6858461655543415
4.732050807568866
4.732050807568873
4.732050807568876
4.7320508075688865
4.941366839742328
5.209251463987547
5.209251463987552
5.209251463987555
5.209251463987557
5.236067977499784
5.2360679774998005
5.627213005296652
5.627213005296666
5.627213005296674
5.645751311064582
5.6457513110645845
5.645751311064587
5.645751311064588
5.999999999999984
5.999999999999988
5.999999999999994
5.999999999999995
5.999999999999996
5.999999999999997
5.999999999999998
5.999999999999999
6.0
6.000000000000002
6.000000000000002
6.000000000000006
6.000000000000008
6.000000000000015
6.685846165554347
6.828427124746199
7.209251463987533
7.20925146398754
7.209251463987551
7.209251463987552
7.23606797749978
7.236067977499785
7.999999999999998
8.0
8.0
8.685846165554334
