-3.627213005296662
-3.209251463987553
-3.209251463987551
-3.2092514639875507
-3.2092514639875507
-2.8284271247461907
-2.6858461655543433
-2.6858461655543406
-2.68584616555434
-2.000000000000002
-2.0000000000000018
-2.0000000000000013
-2.0000000000000013
-2.000000000000001
-2.0000000000000004
-1.9999999999999998
-1.9999999999999993
-1.999999999999999
-1.9999999999999984
-1.9999999999999982
-1.999999999999998
-1.9999999999999958
-1.6457513110645934
-1.6457513110645918
-1.645751311064591
-1.6457513110645878
-1.6272130052966634
-1.2360679774997931
-1.2360679774997916
-1.2360679774997907
-1.2360679774997902
-1.23606797749979
-1.2360679774997887
-1.236067977499787
-1.236067977499784
-1.2092514639875533
-1.2092514639875511
-1.209251463987549
-1.2092514639875473
-0.7320508075688842
-0.7320508075688822
-0.732050807568881
-0.7320508075688772
-6.724113979994498e-15
-6.240191458155377e-15
-5.889770496930302e-15
-5.550720577297561e-15
-4.9098900405110326e-15
-4.690156966279117e-15
-4.58457597546911e-15
-4.475516686942634e-15
-4.466829565155671e-15
-3.618324196600964e-15
-3.3629339407226744e-15
-3.1231337600958332e-15
-3.0811911660290963e-15
-2.9236599352947073e-15
-2.744744738558537e-15
-2.5353289620344087e-15
-2.2599962681207632e-15
-2.0586123716544102e-15
-1.642211001493343e-15
-1.187275362766203e-15
-1.1727526807989673e-15
-8.068456560689831e-16
-6.496612829710665e-16
-7.561646959444826e-17
0.0
5.729350045864053e-17
3.9977161336005234e-16
4.440892098500626e-16
5.282163160996599e-16
1.470152143080423e-15
1.845615516883763e-15
2.1781835834773955e-15
2.7732482759770517e-15
2.8176539141463385e-15
3.1284202446643413e-15
3.132236890390619e-15
4.134630632891159e-15
4.306097823359276e-15
4.6170016362988386e-15
4.810983811921411e-15
0.3542486889354064
0.3542486889354082
0.3542486889354106
0.3542486889354125
0.3727869947033384
0.46877301186907516
0.46877301186907666
0.46877301186908155
0.468773011869082
0.7639320225002063
0.763932022500208
0.9413668397423147
1.0586331602576744
1.0586331602576828
1.0586331602576866
1.1715728752538124
1.2679491924311206
1.2679491924311213
1.267949192431124
1.2679491924311264
1.5312269881309206
1.5312269881309226
1.5312269881309244
1.531226988130927
1.9999999999999902
1.9999999999999907
1.999999999999991
1.999999999999991
1.9999999999999916
1.9999999999999925
1.999999999999995
1.9999999999999956
1.9999999999999962
1.9999999999999964
1.9999999999999967
1.9999999999999973
1.999999999999998
1.9999999999999982
1.9999999999999982
1.9999999999999982
1.9999999999999987
1.9999999999999987
1.999999999999999
1.9999999999999991
1.9999999999999996
1.9999999999999998
1.9999999999999998
2.0000000000000004
2.0000000000000004
2.0000000000000004
2.000000000000001
2.000000000000001
2.000000000000001
2.000000000000001
2.0000000000000013
2.0000000000000018
2.0000000000000027
2.0000000000000027
2.000000000000003
2.0000000000000036
2.000000000000004
2.000000000000005
2.000000000000005
2.0000000000000053
2.0000000000000058
2.0000000000000058
2.0000000000000075
2.000000000000008
2.0000000000000084
2.0000000000000098
2.00000000000001
2.468773011869073
2.4687730118690747
2.4687730118690756
2.468773011869079
2.73205080756887
2.732050807568872
2.732050807568875
2.7320508075688776
2.763932022500208
2.7639320225002137
2.8284271247461867
2.941366839742321
3.2360679774997765
3.2360679774997805
3.236067977499782
3.2360679774997854
3.2360679774997867
3.2360679774997885
3.2360679774997894
3.2360679774997956
3.531226988130912
3.531226988130919
3.5312269881309253
3.531226988130926
3.645751311064583
3.645751311064585
3.645751311064587
3.645751311064589
3.9999999999999885
3.999999999999989
3.9999999999999902
3.9999999999999902
3.9999999999999907
3.999999999999991
3.999999999999993
3.999999999999993
3.9999999999999942
3.999999999999997
3.9999999999999982
3.9999999999999982
3.9999999999999987
4.000000000000001
4.000000000000001
4.000000000000002
4.000000000000003
4.000000000000003
4.000000000000003
4.000000000000003
4.000000000000003
4.000000000000004
4.000000000000006
4.000000000000006
4.000000000000007
4.000000000000007
4.000000000000008
4.000000000000009
4.000000000000011
4.685846165554336
4.732050807568871
4.732050807568878
4.73205080756888
4.732050807568881
4.941366839742326
5.209251463987539
5.209251463987545
5.209251463987546
5.209251463987548
5.236067977499788
5.2360679774997925
5.62721300529665
5.62721300529666
5.627213005296666
5.645751311064582
5.6457513110645845
5.64575131106459
5.6457513110645925
5.999999999999994
5.999999999999997
5.999999999999998
6.0
6.0
6.000000000000002
6.000000000000002
6.000000000000004
6.000000000000008
6.000000000000008
6.00000000000001
6.00000000000001
6.000000000000011
6.000000000000014
6.685846165554318
6.82842712474619
7.209251463987546
7.209251463987559
7.2092514639875676
7.209251463987577
7.236067977499782
7.236067977499788
7.999999999999999
8.0
8.0
8.685846165554347
