-4.000000000000001
-4.000000000000001
-4.000000000000001
-4.000000000000001
-4.000000000000001
-4.000000000000001
-4.000000000000001
-4.000000000000001
-3.999999999999999
-3.999999999999999
-3.999999999999999
-3.999999999999999
-3.999999999999999
-3.999999999999999
-3.999999999999999
-3.999999999999999
-2.000000000000002
-2.0000000000000013
-2.0000000000000013
-2.0000000000000013
-2.0000000000000013
-2.0000000000000013
-2.0000000000000013
-2.0000000000000013
-2.0000000000000013
-2.0000000000000013
-2.0000000000000004
-2.0
-2.0
-2.0
-2.0
-2.0
-2.0
-2.0
-2.0
-2.0
-2.0
-2.0
-2.0
-2.0
-2.0
-2.0
-2.0
-2.0
-2.0
-2.0
-2.0
-2.0
-2.0
-2.0
-2.0
-2.0
-2.0
-2.0
-2.0
-2.0
-2.0
-2.0
-2.0
-1.9999999999999998
-1.9999999999999998
-1.999999999999999
-1.999999999999999
-1.999999999999999
-1.999999999999999
-1.999999999999999
-1.999999999999999
-1.999999999999999
-1.999999999999999
-1.999999999999999
-1.999999999999999
-1.999999999999999
-1.999999999999999
-1.999999999999999
-1.999999999999999
-1.999999999999999
-1.999999999999999
-1.999999999999999
-1.999999999999999
-1.999999999999999
-1.6957365919137235e-15
-1.6957365919137235e-15
-1.6957365919137235e-15
-1.6957365919137235e-15
-1.6957365919137235e-15
-1.6957365919137235e-15
-1.6957365919137235e-15
-1.6957365919137235e-15
-1.6957365919137235e-15
-1.6957365919137235e-15
-1.6957365919137235e-15
-1.6957365919137235e-15
-2.681593772349167e-16
-2.681593772349167e-16
-2.681593772349167e-16
-2.681593772349167e-16
-2.681593772349167e-16
-2.681593772349167e-16
-2.681593772349167e-16
-2.681593772349167e-16
-2.681593772349167e-16
-2.681593772349167e-16
-2.681593772349167e-16
-2.681593772349167e-16
-2.681593772349167e-16
-2.681593772349167e-16
-2.681593772349167e-16
-2.681593772349167e-16
-2.681593772349167e-16
-2.681593772349167e-16
-2.681593772349167e-16
-2.681593772349167e-16
-2.681593772349167e-16
-2.681593772349167e-16
-2.681593772349167e-16
-2.681593772349167e-16
-2.681593772349167e-16
-2.681593772349167e-16
-2.681593772349167e-16
-2.681593772349167e-16
-2.681593772349167e-16
-2.681593772349167e-16
-2.681593772349167e-16
-2.681593772349167e-16
-2.681593772349167e-16
-2.681593772349167e-16
-2.681593772349167e-16
-2.681593772349167e-16
-2.681593772349167e-16
-2.681593772349167e-16
-2.681593772349167e-16
-2.681593772349167e-16
-1.5700924586837823e-16
-1.5700924586837823e-16
-1.5700924586837816e-16
-1.5700924586837771e-16
-1.5700924586837771e-16
0.0
0.0
0.0
0.0
0.0
0.0
9.196777691560777e-18
1.5700924586837816e-16
1.5700924586837816e-16
1.5700924586837823e-16
1.5700924586837823e-16
1.1594178374438901e-15
1.1594178374438901e-15
1.1594178374438901e-15
1.1594178374438901e-15
1.1594178374438901e-15
1.1594178374438901e-15
1.1594178374438901e-15
1.1594178374438901e-15
1.1594178374438901e-15
1.1594178374438901e-15
1.1594178374438901e-15
1.1594178374438901e-15
1.1594178374438901e-15
1.1594178374438901e-15
1.1594178374438901e-15
1.1594178374438901e-15
1.1594178374438901e-15
1.1594178374438901e-15
1.1594178374438901e-15
1.1594178374438901e-15
1.1594178374438901e-15
1.1594178374438901e-15
1.1594178374438901e-15
1.1594178374438901e-15
1.1594178374438901e-15
1.1594178374438901e-15
1.1594178374438901e-15
2.5869950521226966e-15
1.9999999999999984
1.9999999999999984
1.9999999999999984
1.9999999999999984
1.9999999999999984
1.9999999999999984
1.9999999999999984
1.9999999999999984
1.9999999999999984
1.9999999999999991
1.9999999999999996
1.9999999999999998
1.9999999999999998
1.9999999999999998
1.9999999999999998
1.9999999999999998
1.9999999999999998
1.9999999999999998
1.9999999999999998
1.9999999999999998
1.9999999999999998
1.9999999999999998
1.9999999999999998
1.9999999999999998
1.9999999999999998
1.9999999999999998
1.9999999999999998
1.9999999999999998
1.9999999999999998
1.9999999999999998
1.9999999999999998
1.9999999999999998
1.9999999999999998
1.9999999999999998
1.9999999999999998
1.9999999999999998
2.0
2.0
2.0
2.0
2.0000000000000004
2.000000000000001
2.000000000000001
2.000000000000001
2.000000000000001
2.000000000000001
2.000000000000001
2.000000000000001
2.000000000000001
2.000000000000001
2.000000000000001
2.000000000000001
2.000000000000001
2.000000000000001
2.000000000000001
2.000000000000001
2.000000000000001
2.000000000000001
2.000000000000001
2.000000000000001
2.000000000000001
2.000000000000001
2.000000000000001
2.0000000000000027
3.999999999999999
3.999999999999999
3.999999999999999
4.0
4.0
4.0
4.0
4.0
4.0
4.0
4.0
4.0
4.0
4.0
4.0
4.000000000000002
