-3.4185507188738455
-2.7521579565770304
-2.7521579565770304
-2.7521579565770278
-2.7521579565770278
-2.102748483462074
-2.0000000000000018
-2.0000000000000018
-2.0000000000000018
-2.0000000000000018
-1.9999999999999991
-1.9999999999999991
-1.9999999999999991
-1.9999999999999991
-1.9999999999999991
-1.9999999999999991
-1.9999999999999991
-1.9999999999999991
-1.8064238518231073
-1.8064238518231073
-1.806423851823105
-1.464101615137756
-1.464101615137756
-1.4641016151377537
-1.4641016151377537
-1.068140393445465
-0.8284271247461912
-0.8284271247461912
-0.8284271247461912
-0.8284271247461912
-0.8284271247461912
-0.828427124746189
-0.828427124746189
-0.828427124746189
-3.2509831168049903e-15
-9.553215715477378e-16
-9.553215715477378e-16
-9.553215715477378e-16
-9.553215715477378e-16
-9.553215715477378e-16
-9.553215715477378e-16
-9.553215715477378e-16
-9.553215715477378e-16
-9.553215715477378e-16
-9.553215715477378e-16
-9.553215715477378e-16
-9.553215715477378e-16
-9.553215715477378e-16
-9.553215715477378e-16
-9.553215715477378e-16
-9.553215715477378e-16
0.0
1.3403399737095145e-15
1.3403399737095145e-15
1.3403399737095145e-15
1.3403399737095145e-15
1.3403399737095145e-15
1.3403399737095145e-15
1.3403399737095145e-15
1.3403399737095145e-15
1.3403399737095145e-15
1.3403399737095145e-15
1.3403399737095145e-15
1.3403399737095145e-15
0.5814492811261547
0.8096241115758258
0.8096241115758258
0.809624111575828
0.809624111575828
1.2478420434229702
1.2478420434229702
1.2478420434229724
1.2478420434229724
1.6121268670507403
1.9999999999999973
1.9999999999999973
1.9999999999999973
1.9999999999999973
1.9999999999999973
1.9999999999999996
1.9999999999999996
1.9999999999999996
1.9999999999999996
1.9999999999999996
1.9999999999999996
1.9999999999999996
1.9999999999999996
1.9999999999999996
1.9999999999999996
1.9999999999999996
1.9999999999999996
1.9999999999999996
1.9999999999999996
2.0000000000000018
2.0000000000000018
2.0000000000000018
2.0000000000000018
2.0000000000000018
2.0000000000000018
2.0000000000000018
2.3878731329492604
2.3878731329492604
2.387873132949263
2.535898384862244
2.535898384862244
2.5358983848622465
2.5358983848622465
2.9653919099833903
3.1715728752538093
3.1715728752538093
3.190375888424173
3.190375888424173
3.190375888424173
3.1903758884241755
3.999999999999996
3.999999999999996
3.999999999999996
3.999999999999996
3.999999999999996
3.999999999999996
3.999999999999996
3.999999999999996
3.9999999999999982
3.9999999999999982
3.9999999999999982
3.9999999999999982
3.9999999999999982
3.9999999999999982
3.9999999999999982
3.9999999999999987
4.000000000000001
4.000000000000001
4.000000000000001
4.000000000000001
4.000000000000001
4.000000000000001
4.000000000000001
4.000000000000001
4.000000000000001
4.000000000000003
4.000000000000003
4.000000000000003
4.000000000000003
4.000000000000003
4.000000000000005
4.000000000000005
4.000000000000005
4.000000000000005
4.000000000000005
4.581449281126154
4.809624111575825
4.809624111575827
4.809624111575827
4.80962411157583
4.828427124746187
4.828427124746189
4.828427124746189
4.828427124746192
4.828427124746192
4.828427124746192
4.828427124746192
4.828427124746192
5.034608090016609
5.464101615137755
5.464101615137755
5.464101615137755
5.46410161513776
5.612126867050741
5.806423851823106
5.999999999999996
5.999999999999996
5.999999999999996
5.999999999999998
5.999999999999998
5.999999999999998
5.999999999999998
5.999999999999998
6.0
6.0
6.0
6.0
6.0
6.0
6.0
6.0
6.0
6.0
6.000000000000003
6.000000000000003
6.000000000000003
6.000000000000003
6.752157956577029
6.752157956577031
6.752157956577031
6.752157956577031
7.17157287525381
7.17157287525381
7.19037588842417
7.190375888424173
7.190375888424173
7.190375888424175
7.4185507188738455
7.418550718873848
7.418550718873848
7.9999999999999964
7.9999999999999964
7.9999999999999964
7.999999999999998
7.999999999999998
7.999999999999998
7.999999999999998
8.0
8.0
8.0
8.000000000000004
8.000000000000004
8.000000000000004
8.000000000000004
8.000000000000005
8.000000000000005
8.000000000000009
8.82842712474619
8.828427124746193
9.068140393445466
9.464101615137752
9.464101615137753
9.464101615137757
9.464101615137759
9.612126867050737
9.80642385182311
9.999999999999995
9.999999999999996
9.999999999999996
9.999999999999996
9.999999999999998
10.0
10.000000000000002
10.000000000000002
10.000000000000002
10.000000000000009
10.102748483462074
10.752157956577028
10.752157956577028
10.75215795657703
10.75215795657703
11.999999999999995
11.999999999999998
12.0
12.000000000000005
12.000000000000005
12.828427124746188
12.828427124746197
13.806423851823105
13.999999999999996
14.0
16.0
