        time          w0          w1          w2          w3          w4          w5          w6          w7          w8          w9
    0.000000    0.000000    1.000000    0.000000    0.000000    0.000000    0.000000    0.000000    0.000000    0.000000    0.000000
    0.100000    0.000000    0.999984    0.000016    0.000000    0.000000    0.000000    0.000000    0.000000    0.000000    0.000000
    0.200000    0.000000    0.999827    0.000165    0.000008    0.000000    0.000000    0.000000    0.000000    0.000000    0.000000
    0.300000    0.000000    0.999233    0.000646    0.000109    0.000012    0.000000    0.000000    0.000000    0.000000    0.000000
    0.400000    0.000000    0.997992    0.001410    0.000478    0.000110    0.000010    0.000000    0.000000    0.000000    0.000000
    0.500000    0.000000    0.996157    0.002129    0.001155    0.000470    0.000089    0.000000    0.000000    0.000000    0.000000
    0.600000    0.000000    0.993964    0.002539    0.001868    0.001205    0.000423    0.000000    0.000000    0.000000    0.000000
    0.700000    0.000000    0.991639    0.002660    0.002280    0.002089    0.001332    0.000000    0.000000    0.000000    0.000000
    0.800000    0.000000    0.989298    0.002662    0.002356    0.002593    0.003085    0.000005    0.000000    0.000000    0.000000
    0.900000    0.000000    0.986964    0.002655    0.002375    0.002389    0.005595    0.000021    0.000001    0.000000    0.000000
    1.000000    0.000000    0.984649    0.002580    0.002670    0.001703    0.008336    0.000053    0.000009    0.000000    0.000000
    1.100000    0.000000    0.982411    0.002282    0.003488    0.001055    0.010645    0.000094    0.000025    0.000000    0.000000
    1.200000    0.000000    0.980360    0.001708    0.004876    0.000744    0.012129    0.000135    0.000048    0.000000    0.000000
    1.300000    0.000000    0.978627    0.001062    0.006534    0.000702    0.012835    0.000175    0.000066    0.000000    0.000000
    1.400000    0.000000    0.977346    0.000663    0.007879    0.000756    0.013081    0.000202    0.000074    0.000000    0.000000
    1.500000    0.000000    0.976590    0.000622    0.008512    0.000838    0.013153    0.000208    0.000077    0.000000    0.000000
    1.600000    0.000000    0.976213    0.000782    0.008585    0.000970    0.013170    0.000197    0.000083    0.000000    0.000000
    1.700000    0.000000    0.975706    0.001033    0.008682    0.001156    0.013147    0.000185    0.000091    0.000000    0.000000
    1.800000    0.000000    0.974305    0.001495    0.009406    0.001363    0.013140    0.000198    0.000091    0.000001    0.000000
    1.900000    0.000000    0.971384    0.002273    0.011078    0.001589    0.013347    0.000246    0.000080    0.000003    0.000000
    2.000000    0.000000    0.966826    0.003179    0.013554    0.001937    0.014115    0.000322    0.000065    0.000001    0.000000
    2.100000    0.000000    0.961032    0.003869    0.016159    0.002600    0.015868    0.000427    0.000045    0.000000    0.000000
    2.200000    0.000000    0.954605    0.004185    0.018017    0.003607    0.019017    0.000541    0.000026    0.000001    0.000000
    2.300000    0.000000    0.948004    0.004241    0.018735    0.004585    0.023780    0.000635    0.000018    0.000001    0.000000
    2.400000    0.000000    0.941416    0.004225    0.018748    0.005008    0.029884    0.000700    0.000017    0.000001    0.000000
    2.500000    0.000000    0.934866    0.004199    0.018998    0.004727    0.036453    0.000740    0.000014    0.000001    0.000000
    2.600000    0.000000    0.928431    0.004062    0.020314    0.004121    0.042306    0.000746    0.000018    0.000001    0.000000
    2.700000    0.000000    0.922388    0.003666    0.023000    0.003685    0.046498    0.000741    0.000022    0.000001    0.000000
    2.800000    0.000000    0.917188    0.003052    0.026624    0.003569    0.048797    0.000750    0.000018    0.000001    0.000000
    2.900000    0.000000    0.913294    0.002523    0.030110    0.003607    0.049688    0.000764    0.000013    0.000002    0.000000
    3.000000    0.000000    0.910969    0.002381    0.032339    0.003639    0.049884    0.000774    0.000012    0.000001    0.000000
    3.100000    0.000000    0.910054    0.002599    0.033027    0.003637    0.049883    0.000787    0.000012    0.000002    0.000000
    3.200000    0.000000    0.909793    0.002936    0.032982    0.003617    0.049857    0.000800    0.000013    0.000002    0.000000
    3.300000    0.000000    0.908916    0.003325    0.033488    0.003595    0.049857    0.000802    0.000015    0.000001    0.000001
    3.400000    0.000000    0.906102    0.003932    0.035534    0.003606    0.050010    0.000799    0.000015    0.000001    0.000001
    3.500000    0.000000    0.900622    0.004803    0.039260    0.003720    0.050783    0.000798    0.000012    0.000001    0.000001
    3.600000    0.000000    0.892648    0.005677    0.043896    0.004091    0.052878    0.000798    0.000010    0.000001    0.000001
    3.700000    0.000000    0.883017    0.006241    0.048043    0.004877    0.057003    0.000805    0.000012    0.000001    0.000001
    3.800000    0.000000    0.872671    0.006434    0.050514    0.005963    0.063568    0.000832    0.000017    0.000001    0.000000
    3.900000    0.000000    0.862213    0.006416    0.051219    0.006868    0.072364    0.000897    0.000022    0.000001    0.000000
    4.000000    0.000000    0.851843    0.006351    0.051245    0.007128    0.082397    0.001013    0.000021    0.000001    0.000000
    4.100000    0.000000    0.841604    0.006256    0.052089    0.006779    0.092073    0.001181    0.000018    0.000001    0.000000
    4.200000    0.000000    0.831708    0.006014    0.054753    0.006291    0.099832    0.001381    0.000019    0.000001    0.000000
    4.300000    0.000000    0.822687    0.005539    0.059234    0.006069    0.104853    0.001590    0.000028    0.000001    0.000000
    4.400000    0.000000    0.815265    0.004960    0.064471    0.006143    0.107342    0.001777    0.000041    0.000001    0.000000
    4.500000    0.000000    0.810038    0.004600    0.068853    0.006346    0.108194    0.001914    0.000053    0.000001    0.000000
    4.600000    0.000000    0.807130    0.004654    0.071244    0.006579    0.108341    0.001987    0.000062    0.000003    0.000000
    4.700000    0.000000    0.805935    0.005005    0.071819    0.006843    0.108307    0.002018    0.000069    0.000004    0.000001
    4.800000    0.000000    0.805098    0.005455    0.071952    0.007143    0.108226    0.002046    0.000076    0.000003    0.000001
    4.900000    0.000000    0.802876    0.006027    0.073284    0.007454    0.108166    0.002109    0.000081    0.000002    0.000001
    5.000000    0.000000    0.797850    0.006851    0.076745    0.007765    0.108474    0.002230    0.000082    0.000002    0.000001
    5.100000    0.000000    0.789551    0.007841    0.082069    0.008148    0.109896    0.002416    0.000076    0.000003    0.000000
    5.200000    0.000000    0.778559    0.008670    0.087869    0.008789    0.113391    0.002652    0.000066    0.000003    0.000000
    5.300000    0.000000    0.766009    0.009094    0.092377    0.009805    0.119754    0.002901    0.000056    0.000004    0.000000
    5.400000    0.000000    0.752930    0.009140    0.094592    0.010965    0.129187    0.003130    0.000052    0.000004    0.000000
    5.500000    0.000000    0.739871    0.009006    0.095008    0.011745    0.141003    0.003310    0.000054    0.000002    0.000001
    5.600000    0.000000    0.726972    0.008831    0.095290    0.011805    0.153610    0.003432    0.000055    0.000002    0.000001
    5.700000    0.000000    0.714339    0.008596    0.097172    0.011351    0.164977    0.003505    0.000056    0.000002    0.000002
    5.800000    0.000000    0.702399    0.008180    0.101473    0.010870    0.173468    0.003549    0.000057    0.000002    0.000002
    5.900000    0.000000    0.691960    0.007565    0.107648    0.010640    0.178538    0.003586    0.000059    0.000002    0.000002
    6.000000    0.000000    0.683939    0.006982    0.114009    0.010581    0.180801    0.003624    0.000061    0.000002    0.000002
    6.100000    0.000000    0.678916    0.006749    0.118640    0.010527    0.181440    0.003662    0.000062    0.000002    0.000002
    6.200000    0.000000    0.676723    0.006936    0.120663    0.010424    0.181497    0.003689    0.000063    0.000002    0.000003
    6.300000    0.000000    0.676231    0.007319    0.120884    0.010291    0.181499    0.003706    0.000065    0.000002    0.000004
    6.400000    0.000000    0.675510    0.007728    0.121276    0.010158    0.181543    0.003710    0.000069    0.000002    0.000004
    6.500000    0.000000    0.672472    0.008268    0.123686    0.010051    0.181734    0.003712    0.000070    0.000003    0.000004
    6.600000    0.000000    0.665765    0.009047    0.128734    0.010031    0.182625    0.003722    0.000069    0.000003    0.000004
    6.700000    0.000000    0.655312    0.009889    0.135568    0.010226    0.185186    0.003746    0.000067    0.000002    0.000004
    6.800000    0.000000    0.642143    0.010456    0.142239    0.010812    0.190490    0.003789    0.000067    0.000002    0.000003
    6.900000    0.000000    0.627668    0.010595    0.146804    0.011796    0.199200    0.003865    0.000068    0.000002    0.000002
    7.000000    0.000000    0.612961    0.010431    0.148617    0.012798    0.211122    0.003997    0.000069    0.000003    0.000001
    7.100000    0.000000    0.598482    0.010172    0.148770    0.013298    0.225005    0.004199    0.000070    0.000002    0.000001
    7.200000    0.000000    0.584306    0.009915    0.149359    0.013087    0.238794    0.004467    0.000070    0.000002    0.000001
    7.300000    0.000000    0.570592    0.009584    0.152133    0.012541    0.250293    0.004785    0.000069    0.000003    0.000001
    7.400000    0.000000    0.557913    0.009055    0.157535    0.012152    0.258147    0.005122    0.000071    0.000004    0.000002
    7.500000    0.000000    0.547212    0.008366    0.164475    0.012086    0.262335    0.005444    0.000075    0.000004    0.000002
    7.600000    0.000000    0.539391    0.007802    0.170890    0.012204    0.263911    0.005714    0.000081    0.000004    0.000003
    7.700000    0.000000    0.534815    0.007635    0.174972    0.012354    0.264220    0.005907    0.000090    0.000004    0.000004
    7.800000    0.000000    0.532941    0.007837    0.176393    0.012504    0.264181    0.006036    0.000100    0.000004    0.000005
    7.900000    0.000000    0.532245    0.008185    0.176529    0.012673    0.264108    0.006143    0.000109    0.000004    0.000005
    8.000000    0.000000    0.530611    0.008596    0.177502    0.012856    0.264035    0.006274    0.000117    0.000004    0.000006
    8.100000    0.000000    0.526097    0.009203    0.180864    0.013037    0.264201    0.006468    0.000121    0.000004    0.000006
    8.200000    0.000000    0.517786    0.010018    0.186743    0.013246    0.265333    0.006744    0.000121    0.000003    0.000007
    8.300000    0.000000    0.506074    0.010773    0.193782    0.013632    0.268527    0.007084    0.000119    0.000003    0.000007
    8.400000    0.000000    0.492230    0.011162    0.199858    0.014360    0.274809    0.007451    0.000120    0.000003    0.000007
    8.500000    0.000000    0.477600    0.011131    0.203386    0.015340    0.284605    0.007801    0.000127    0.000003    0.000008
    8.600000    0.000000    0.463020    0.010848    0.204409    0.016111    0.297357    0.008108    0.000134    0.000003    0.000009
    8.700000    0.000000    0.448755    0.010493    0.204558    0.016214    0.311474    0.008351    0.000142    0.000003    0.000010
    8.800000    0.000000    0.434861    0.010103    0.205931    0.015675    0.324742    0.008527    0.000148    0.000003    0.000011
    8.900000    0.000000    0.421646    0.009575    0.209828    0.014957    0.335175    0.008652    0.000153    0.000003    0.000011
    9.000000    0.000000    0.409856    0.008835    0.216089    0.014451    0.341858    0.008741    0.000156    0.000004    0.000010
    9.100000    0.000000    0.400469    0.008032    0.223154    0.014174    0.345196    0.008798    0.000163    0.000004    0.000010
    9.200000    0.000000    0.394226    0.007496    0.228895    0.013964    0.346405    0.008828    0.000171    0.000005    0.000010
    9.300000    0.000000    0.391174    0.007410    0.231963    0.013720    0.346703    0.008837    0.000179    0.000005    0.000010
    9.400000    0.000000    0.390392    0.007628    0.232714    0.013448    0.346788    0.008829    0.000185    0.000005    0.000010
    9.500000    0.000000    0.390124    0.007880    0.232859    0.013206    0.346916    0.008811    0.000189    0.000005    0.000010
    9.600000    0.000000    0.388227    0.008189    0.234494    0.012982    0.347100    0.008800    0.000192    0.000005    0.000010
    9.700000    0.000000    0.383059    0.008715    0.238755    0.012810    0.347641    0.008815    0.000190    0.000005    0.000010
    9.800000    0.000000    0.374198    0.009380    0.245090    0.012784    0.349480    0.008870    0.000183    0.000005    0.000010
    9.900000    0.000000    0.362430    0.009874    0.251819    0.013086    0.353630    0.008968    0.000177    0.000005    0.000010
   10.000000    0.000000    0.349123    0.009967    0.256959    0.013811    0.360836    0.009114    0.000174    0.000005    0.000010
   10.100000    0.000000    0.335473    0.009712    0.259476    0.014695    0.371139    0.009317    0.000172    0.000005    0.000010
   10.200000    0.000000    0.322099    0.009315    0.259991    0.015197    0.383631    0.009584    0.000169    0.000005    0.000011
   10.300000    0.000000    0.309159    0.008913    0.260294    0.014983    0.396562    0.009908    0.000164    0.000006    0.000011
   10.400000    0.000000    0.296757    0.008475    0.262143    0.014281    0.407898    0.010266    0.000164    0.000006    0.000011
   10.500000    0.000000    0.285292    0.007868    0.266283    0.013605    0.416135    0.010633    0.000169    0.000005    0.000011
   10.600000    0.000000    0.275496    0.007061    0.272119    0.013236    0.420911    0.010985    0.000176    0.000004    0.000011
   10.700000    0.000000    0.268139    0.006268    0.278037    0.013109    0.422964    0.011282    0.000184    0.000005    0.000012
   10.800000    0.000000    0.263629    0.005794    0.282312    0.013060    0.423486    0.011506    0.000193    0.000006    0.000013
   10.900000    0.000000    0.261694    0.005713    0.284253    0.013020    0.423425    0.011672    0.000202    0.000006    0.000014
   11.000000    0.000000    0.261273    0.005815    0.284671    0.012989    0.423215    0.011808    0.000208    0.000006    0.000015
   11.100000    0.000000    0.260696    0.005962    0.285159    0.013002    0.422998    0.011947    0.000214    0.000007    0.000016
   11.200000    0.000000    0.258244    0.006255    0.287198    0.013006    0.422933    0.012121    0.000218    0.000008    0.000016
   11.300000    0.000000    0.252859    0.006811    0.291271    0.013019    0.423446    0.012346    0.000223    0.000008    0.000017
   11.400000    0.000000    0.244569    0.007462    0.296664    0.013142    0.425288    0.012618    0.000229    0.000008    0.000017
   11.500000    0.000000    0.234294    0.007884    0.301845    0.013555    0.429241    0.012917    0.000236    0.000009    0.000019
   11.600000    0.000000    0.223214    0.007915    0.305352    0.014278    0.435744    0.013221    0.000246    0.000009    0.000021
   11.700000    0.000000    0.212198    0.007652    0.306783    0.014960    0.444620    0.013499    0.000259    0.000008    0.000022
   11.800000    0.000000    0.201613    0.007276    0.307052    0.015082    0.454940    0.013740    0.000268    0.000007    0.000023
   11.900000    0.000000    0.191542    0.006868    0.307686    0.014493    0.465175    0.013937    0.000269    0.000008    0.000022
   12.000000    0.000000    0.182126    0.006359    0.309841    0.013569    0.473725    0.014085    0.000266    0.000009    0.000020
   12.100000    0.000000    0.173758    0.005639    0.313726    0.012800    0.479604    0.014180    0.000267    0.000008    0.000019
   12.200000    0.000000    0.166997    0.004763    0.318557    0.012349    0.482808    0.014228    0.000272    0.000006    0.000018
   12.300000    0.000000    0.162304    0.004017    0.322947    0.012087    0.484113    0.014229    0.000281    0.000006    0.000017
   12.400000    0.000000    0.159775    0.003659    0.325727    0.011875    0.484460    0.014190    0.000292    0.000005    0.000017
   12.500000    0.000000    0.158982    0.003637    0.326765    0.011653    0.484509    0.014134    0.000300    0.000005    0.000016
   12.600000    0.000000    0.158943    0.003710    0.326944    0.011447    0.484556    0.014076    0.000303    0.000005    0.000016
   12.700000    0.000000    0.158320    0.003816    0.327585    0.011250    0.484670    0.014037    0.000301    0.000005    0.000016
   12.800000    0.000000    0.155903    0.004122    0.329566    0.011091    0.484967    0.014035    0.000295    0.000005    0.000016
   12.900000    0.000000    0.151164    0.004687    0.332954    0.011008    0.485801    0.014076    0.000287    0.000006    0.000017
   13.000000    0.000000    0.144452    0.005261    0.337016    0.011139    0.487657    0.014170    0.000282    0.000006    0.000017
   13.100000    0.000000    0.136679    0.005530    0.340568    0.011641    0.490966    0.014311    0.000281    0.000007    0.000018
   13.200000    0.000000    0.128769    0.005427    0.342695    0.012411    0.495895    0.014495    0.000283    0.000007    0.000018
   13.300000    0.000000    0.121277    0.005124    0.343383    0.012988    0.502200    0.014717    0.000285    0.000007    0.000018
   13.400000    0.000000    0.114384    0.004800    0.343481    0.012906    0.509149    0.014969    0.000285    0.000007    0.000018
   13.500000    0.000000    0.108111    0.004481    0.344016    0.012186    0.515661    0.015232    0.000288    0.000007    0.000018
   13.600000    0.000000    0.102551    0.004046    0.345576    0.011312    0.520711    0.015488    0.000292    0.000006    0.000018
   13.700000    0.000000    0.097921    0.003384    0.348117    0.010716    0.523826    0.015717    0.000295    0.000006    0.000019
   13.800000    0.000000    0.094450    0.002595    0.351039    0.010449    0.525244    0.015900    0.000297    0.000005    0.000021
   13.900000    0.000000    0.092239    0.001969    0.353470    0.010344    0.525636    0.016015    0.000300    0.000005    0.000022
   14.000000    0.000000    0.091179    0.001696    0.354816    0.010277    0.525629    0.016072    0.000303    0.000005    0.000023
   14.100000    0.000000    0.090923    0.001666    0.355192    0.010236    0.525562    0.016086    0.000306    0.000005    0.000024
   14.200000    0.000000    0.090883    0.001671    0.355282    0.010231    0.525515    0.016082    0.000308    0.000005    0.000023
   14.300000    0.000000    0.090266    0.001789    0.355774    0.010251    0.525500    0.016084    0.000308    0.000005    0.000023
   14.400000    0.000000    0.088503    0.002198    0.356969    0.010276    0.525614    0.016104    0.000307    0.000005    0.000023
   14.500000    0.000000    0.085515    0.002865    0.358740    0.010356    0.526039    0.016148    0.000307    0.000006    0.000023
   14.600000    0.000000    0.081731    0.003482    0.360641    0.010645    0.526953    0.016208    0.000310    0.000006    0.000024
   14.700000    0.000000    0.077777    0.003788    0.362103    0.011247    0.528464    0.016272    0.000319    0.000007    0.000025
   14.800000    0.000000    0.074141    0.003788    0.362820    0.011943    0.530610    0.016337    0.000329    0.000007    0.000026
   14.900000    0.000000    0.071042    0.003653    0.362997    0.012230    0.533311    0.016396    0.000337    0.000007    0.000026
   15.000000    0.000000    0.068526    0.003497    0.363095    0.011804    0.536260    0.016445    0.000339    0.000008    0.000026
   15.100000    0.000000    0.066598    0.003276    0.363425    0.010905    0.538952    0.016477    0.000333    0.000008    0.000026
   15.200000    0.000000    0.065273    0.002851    0.364042    0.010064    0.540927    0.016486    0.000324    0.000007    0.000026
   15.300000    0.000000    0.064509    0.002179    0.364862    0.009592    0.542042    0.016464    0.000318    0.000007    0.000026
   15.400000    0.000000    0.064155    0.001462    0.365688    0.009430    0.542496    0.016415    0.000320    0.000007    0.000026
   15.500000    0.000000    0.064015    0.001001    0.366265    0.009396    0.542614    0.016349    0.000327    0.000006    0.000027
   15.600000    0.000000    0.063962    0.000872    0.366499    0.009392    0.542624    0.016283    0.000335    0.000006    0.000027
   15.700000    0.000000    0.063957    0.000879    0.366551    0.009403    0.542603    0.016234    0.000342    0.000005    0.000027
   15.800000    0.000000    0.063937    0.000900    0.366587    0.009431    0.542556    0.016214    0.000345    0.000005    0.000026
   15.900000    0.000000    0.063780    0.001088    0.366583    0.009471    0.542475    0.016229    0.000343    0.000005    0.000025
   16.000000    0.000000    0.063436    0.001612    0.366457    0.009543    0.542308    0.016277    0.000337    0.000005    0.000025
   16.100000    0.000000    0.063053    0.002333    0.366251    0.009741    0.541910    0.016353    0.000329    0.000005    0.000025
   16.200000    0.000000    0.062920    0.002917    0.366055    0.010229    0.541075    0.016450    0.000325    0.000005    0.000025
   16.300000    0.000000    0.063278    0.003195    0.365896    0.011023    0.539698    0.016558    0.000323    0.000005    0.000025
   16.400000    0.000000    0.064222    0.003257    0.365792    0.011772    0.537939    0.016665    0.000323    0.000005    0.000026
   16.500000    0.000000    0.065742    0.003278    0.365751    0.011965    0.536150    0.016758    0.000325    0.000005    0.000026
   16.600000    0.000000    0.067812    0.003315    0.365600    0.011452    0.534638    0.016827    0.000326    0.000005    0.000025
   16.700000    0.000000    0.070376    0.003258    0.365022    0.010612    0.533513    0.016863    0.000326    0.000005    0.000025
   16.800000    0.000000    0.073238    0.002944    0.363894    0.009956    0.532752    0.016861    0.000326    0.000005    0.000024
   16.900000    0.000000    0.075999    0.002368    0.362470    0.009673    0.532318    0.016817    0.000327    0.000005    0.000024
   17.000000    0.000000    0.078157    0.001773    0.361166    0.009638    0.532183    0.016724    0.000330    0.000005    0.000024
   17.100000    0.000000    0.079389    0.001422    0.360283    0.009688    0.532266    0.016588    0.000335    0.000006    0.000023
   17.200000    0.000000    0.079791    0.001320    0.359894    0.009781    0.532421    0.016424    0.000341    0.000007    0.000023
   17.300000    0.000000    0.079834    0.001294    0.359784    0.009927    0.532543    0.016245    0.000343    0.000007    0.000023
   17.400000    0.000000    0.080094    0.001339    0.359430    0.010114    0.532595    0.016057    0.000341    0.000007    0.000023
   17.500000    0.000000    0.081019    0.001664    0.358272    0.010312    0.532507    0.015861    0.000335    0.000007    0.000023
   17.600000    0.000000    0.082878    0.002359    0.356217    0.010533    0.532000    0.015657    0.000326    0.000007    0.000023
   17.700000    0.000000    0.085787    0.003192    0.353770    0.010877    0.530577    0.015448    0.000318    0.000007    0.000023
   17.800000    0.000000    0.089703    0.003841    0.351652    0.011490    0.527730    0.015240    0.000315    0.000006    0.000023
   17.900000    0.000000    0.094449    0.004204    0.350350    0.012286    0.523322    0.015047    0.000316    0.000005    0.000022
   18.000000    0.000000    0.099826    0.004404    0.349901    0.012835    0.517807    0.014883    0.000318    0.000005    0.000021
   18.100000    0.000000    0.105731    0.004576    0.349811    0.012720    0.512065    0.014755    0.000317    0.000004    0.000021
   18.200000    0.000000    0.112121    0.004715    0.349187    0.012003    0.506977    0.014662    0.000311    0.000004    0.000020
   18.300000    0.000000    0.118826    0.004679    0.347301    0.011180    0.503091    0.014598    0.000300    0.000005    0.000019
   18.400000    0.000000    0.125347    0.004338    0.344198    0.010687    0.500563    0.014551    0.000291    0.000005    0.000019
   18.500000    0.000000    0.130888    0.003783    0.340703    0.010580    0.499218    0.014517    0.000287    0.000006    0.000019
   18.600000    0.000000    0.134688    0.003306    0.337835    0.010686    0.498677    0.014493    0.000288    0.000006    0.000019
   18.700000    0.000000    0.136518    0.003098    0.336217    0.010865    0.498498    0.014486    0.000292    0.000007    0.000019
   18.800000    0.000000    0.136922    0.003059    0.335770    0.011089    0.498334    0.014503    0.000296    0.000007    0.000019
   18.900000    0.000000    0.137013    0.003020    0.335659    0.011342    0.498096    0.014549    0.000294    0.000008    0.000019
   19.000000    0.000000    0.137960    0.003090    0.334660    0.011606    0.497758    0.014610    0.000288    0.000009    0.000020
   19.100000    0.000000    0.140578    0.003505    0.331982    0.011872    0.497076    0.014677    0.000281    0.000009    0.000020
   19.200000    0.000000    0.145191    0.004257    0.327876    0.012193    0.495435    0.014741    0.000277    0.000009    0.000020
   19.300000    0.000000    0.151667    0.005045    0.323504    0.012724    0.491975    0.014782    0.000275    0.000008    0.000020
   19.400000    0.000000    0.159551    0.005613    0.320128    0.013561    0.486056    0.014790    0.000275    0.000008    0.000019
   19.500000    0.000000    0.168313    0.005972    0.318386    0.014485    0.477782    0.014757    0.000277    0.000007    0.000019
   19.600000    0.000000    0.177595    0.006284    0.317966    0.014983    0.468185    0.014682    0.000281    0.000006    0.000019
   19.700000    0.000000    0.187283    0.006628    0.317705    0.014742    0.458778    0.014555    0.000283    0.000006    0.000019
   19.800000    0.000000    0.197308    0.006908    0.316172    0.014002    0.450924    0.014377    0.000285    0.000005    0.000019
   19.900000    0.000000    0.207312    0.006919    0.312612    0.013309    0.445383    0.014154    0.000287    0.000005    0.000019
   20.000000    0.000000    0.216473    0.006555    0.307552    0.012983    0.442212    0.013912    0.000287    0.000005    0.000019
   20.100000    0.000000    0.223705    0.005984    0.302444    0.012959    0.440923    0.013671    0.000289    0.000005    0.000019
   20.200000    0.000000    0.228227    0.005513    0.298704    0.013050    0.440749    0.013436    0.000296    0.000005    0.000019
   20.300000    0.000000    0.230133    0.005270    0.296924    0.013168    0.440950    0.013226    0.000304    0.000006    0.000019
   20.400000    0.000000    0.230520    0.005136    0.296551    0.013322    0.441094    0.013045    0.000309    0.000006    0.000018
   20.500000    0.000000    0.231045    0.005041    0.296113    0.013528    0.441068    0.012873    0.000308    0.000006    0.000018
   20.600000    0.000000    0.233209    0.005185    0.294067    0.013729    0.440801    0.012685    0.000301    0.000005    0.000017
   20.700000    0.000000    0.237920    0.005754    0.289714    0.013941    0.439905    0.012457    0.000288    0.000005    0.000017
   20.800000    0.000000    0.245328    0.006611    0.283881    0.014231    0.437474    0.012187    0.000267    0.000005    0.000017
   20.900000    0.000000    0.254957    0.007404    0.278311    0.014753    0.432426    0.011881    0.000246    0.000006    0.000016
   21.000000    0.000000    0.266016    0.007933    0.274528    0.015531    0.424176    0.011565    0.000229    0.000006    0.000017
   21.100000    0.000000    0.277801    0.008267    0.272990    0.016238    0.413195    0.011269    0.000218    0.000006    0.000017
   21.200000    0.000000    0.289968    0.008560    0.272839    0.016376    0.401002    0.011024    0.000208    0.000005    0.000017
   21.300000    0.000000    0.302467    0.008853    0.272271    0.015819    0.389533    0.010840    0.000197    0.000004    0.000017
   21.400000    0.000000    0.315167    0.009020    0.269578    0.014966    0.380349    0.010714    0.000185    0.000004    0.000017
   21.500000    0.000000    0.327460    0.008875    0.264335    0.014340    0.374155    0.010639    0.000176    0.000003    0.000017
   21.600000    0.000000    0.338180    0.008392    0.257743    0.014127    0.370757    0.010610    0.000171    0.000003    0.000017
   21.700000    0.000000    0.346052    0.007811    0.251799    0.014185    0.369339    0.010624    0.000171    0.000003    0.000016
   21.800000    0.000000    0.350445    0.007408    0.248043    0.014354    0.368879    0.010681    0.000173    0.000003    0.000016
   21.900000    0.000000    0.351934    0.007194    0.246746    0.014569    0.368588    0.010780    0.000171    0.000003    0.000015
   22.000000    0.000000    0.352196    0.007007    0.246744    0.014785    0.368176    0.010908    0.000165    0.000004    0.000015
   22.100000    0.000000    0.353298    0.006867    0.245920    0.015006    0.367691    0.011039    0.000160    0.000004    0.000016
   22.200000    0.000000    0.356873    0.007028    0.242598    0.015230    0.366953    0.011143    0.000156    0.000004    0.000015
   22.300000    0.000000    0.363656    0.007598    0.236657    0.015485    0.365229    0.011201    0.000156    0.000004    0.000015
   22.400000    0.000000    0.373454    0.008342    0.229637    0.015885    0.361304    0.011201    0.000159    0.000003    0.000015
   22.500000    0.000000    0.385435    0.008955    0.223665    0.016569    0.354053    0.011139    0.000164    0.000003    0.000015
   22.600000    0.000000    0.398600    0.009351    0.220171    0.017441    0.343225    0.011025    0.000169    0.000004    0.000015
   22.700000    0.000000    0.412223    0.009668    0.219141    0.018046    0.329868    0.010863    0.000172    0.000004    0.000015
   22.800000    0.000000    0.426059    0.010030    0.219101    0.017942    0.316022    0.010649    0.000178    0.000004    0.000016
   22.900000    0.000000    0.440110    0.010356    0.217902    0.017199    0.303846    0.010382    0.000185    0.000004    0.000016
   23.000000    0.000000    0.454103    0.010452    0.214021    0.016326    0.294809    0.010076    0.000194    0.000004    0.000015
   23.100000    0.000000    0.467188    0.010138    0.207622    0.015765    0.289304    0.009765    0.000199    0.000004    0.000015
   23.200000    0.000000    0.478037    0.009478    0.200456    0.015547    0.286775    0.009486    0.000202    0.000004    0.000016
   23.300000    0.000000    0.485474    0.008774    0.194673    0.015482    0.286109    0.009262    0.000207    0.000004    0.000016
   23.400000    0.000000    0.489259    0.008264    0.191537    0.015432    0.286156    0.009115    0.000217    0.000004    0.000016
   23.500000    0.000000    0.490462    0.007906    0.190769    0.015378    0.286191    0.009046    0.000228    0.000004    0.000015
   23.600000    0.000000    0.491088    0.007589    0.190646    0.015348    0.286051    0.009022    0.000237    0.000004    0.000015
   23.700000    0.000000    0.493222    0.007442    0.189029    0.015338    0.285716    0.008996    0.000240    0.000004    0.000015
   23.800000    0.000000    0.498272    0.007704    0.184623    0.015342    0.284886    0.008923    0.000232    0.000004    0.000014
   23.900000    0.000000    0.506643    0.008351    0.177929    0.015402    0.282670    0.008775    0.000212    0.000004    0.000013
   24.000000    0.000000    0.517835    0.009055    0.170896    0.015666    0.277796    0.008547    0.000189    0.000004    0.000012
   24.100000    0.000000    0.530849    0.009530    0.165603    0.016246    0.269330    0.008258    0.000168    0.000004    0.000012
   24.200000    0.000000    0.544697    0.009777    0.163047    0.016933    0.257431    0.007948    0.000154    0.000003    0.000011
   24.300000    0.000000    0.558814    0.009961    0.162627    0.017221    0.243560    0.007660    0.000142    0.000004    0.000011
   24.400000    0.000000    0.573108    0.010142    0.162469    0.016790    0.229919    0.007427    0.000130    0.000004    0.000011
   24.500000    0.000000    0.587516    0.010249    0.160449    0.015871    0.218519    0.007263    0.000119    0.000004    0.000011
   24.600000    0.000000    0.601587    0.010083    0.155557    0.014999    0.210476    0.007174    0.000110    0.000003    0.000011
   24.700000    0.000000    0.614244    0.009535    0.148633    0.014492    0.205818    0.007158    0.000105    0.000003    0.000011
   24.800000    0.000000    0.624108    0.008764    0.141762    0.014292    0.203751    0.007204    0.000105    0.000003    0.000011
   24.900000    0.000000    0.630251    0.008084    0.136900    0.014223    0.203119    0.007303    0.000106    0.000003    0.000011
   25.000000    0.000000    0.632905    0.007625    0.134782    0.014193    0.202936    0.007440    0.000105    0.000003    0.000012
   25.100000    0.000000    0.633561    0.007254    0.134589    0.014191    0.202693    0.007597    0.000101    0.000003    0.000012
   25.200000    0.000000    0.634355    0.006905    0.134313    0.014201    0.202373    0.007740    0.000099    0.000002    0.000012
   25.300000    0.000000    0.637168    0.006779    0.131978    0.014220    0.201895    0.007846    0.000099    0.000002    0.000012
   25.400000    0.000000    0.643017    0.007077    0.126899    0.014256    0.200732    0.007904    0.000100    0.000002    0.000012
   25.500000    0.000000    0.651930    0.007665    0.120174    0.014387    0.197825    0.007903    0.000103    0.000002    0.000012
   25.600000    0.000000    0.663196    0.008198    0.113871    0.014769    0.192001    0.007846    0.000105    0.000002    0.000012
   25.700000    0.000000    0.675790    0.008507    0.109690    0.015415    0.182739    0.007736    0.000109    0.000002    0.000012
   25.800000    0.000000    0.688870    0.008664    0.108061    0.015981    0.170715    0.007582    0.000112    0.000002    0.000013
   25.900000    0.000000    0.702043    0.008812    0.107970    0.015966    0.157687    0.007391    0.000114    0.000003    0.000013
   26.000000    0.000000    0.715257    0.008962    0.107488    0.015241    0.145752    0.007165    0.000119    0.000003    0.000013
   26.100000    0.000000    0.728395    0.008955    0.104894    0.014206    0.136494    0.006915    0.000125    0.000003    0.000013
   26.200000    0.000000    0.740880    0.008589    0.099817    0.013376    0.130524    0.006666    0.000133    0.000003    0.000012
   26.300000    0.000000    0.751633    0.007843    0.093498    0.012912    0.127506    0.006455    0.000139    0.000003    0.000011
   26.400000    0.000000    0.759517    0.006964    0.087896    0.012648    0.126503    0.006315    0.000145    0.000003    0.000010
   26.500000    0.000000    0.764045    0.006251    0.084434    0.012412    0.126430    0.006263    0.000154    0.000002    0.000009
   26.600000    0.000000    0.765851    0.005746    0.083273    0.012166    0.126492    0.006298    0.000163    0.000002    0.000009
   26.700000    0.000000    0.766526    0.005306    0.083282    0.011921    0.126390    0.006390    0.000174    0.000002    0.000008
   26.800000    0.000000    0.767892    0.004978    0.082632    0.011700    0.126114    0.006491    0.000182    0.000003    0.000008
   26.900000    0.000000    0.771319    0.004991    0.079876    0.011508    0.125557    0.006560    0.000179    0.000003    0.000008
   27.000000    0.000000    0.777337    0.005427    0.074957    0.011368    0.124175    0.006562    0.000163    0.000002    0.000008
   27.100000    0.000000    0.785695    0.006019    0.069243    0.011403    0.121011    0.006479    0.000140    0.000002    0.000009
   27.200000    0.000000    0.795643    0.006433    0.064512    0.011765    0.115206    0.006310    0.000119    0.000002    0.000009
   27.300000    0.000000    0.806352    0.006571    0.061861    0.012372    0.106637    0.006087    0.000108    0.000003    0.000009
   27.400000    0.000000    0.817249    0.006570    0.061187    0.012772    0.096254    0.005850    0.000105    0.000005    0.000007
   27.500000    0.000000    0.828147    0.006571    0.061282    0.012511    0.085730    0.005642    0.000105    0.000006    0.000006
   27.600000    0.000000    0.839051    0.006556    0.060464    0.011621    0.076706    0.005486    0.000104    0.000007    0.000005
   27.700000    0.000000    0.849773    0.006353    0.057618    0.010592    0.070158    0.005391    0.000103    0.000007    0.000004
   27.800000    0.000000    0.859675    0.005800    0.052979    0.009863    0.066213    0.005356    0.000103    0.000007    0.000005
   27.900000    0.000000    0.867776    0.004967    0.047934    0.009475    0.064355    0.005375    0.000108    0.000006    0.000005
   28.000000    0.000000    0.873245    0.004158    0.044017    0.009255    0.063763    0.005436    0.000114    0.000006    0.000006
   28.100000    0.000000    0.875993    0.003598    0.041997    0.009078    0.063671    0.005533    0.000116    0.000007    0.000007
   28.200000    0.000000    0.876877    0.003216    0.041577    0.008925    0.063624    0.005654    0.000113    0.000008    0.000007
   28.300000    0.000000    0.877316    0.002874    0.041620    0.008790    0.063501    0.005772    0.000111    0.000008    0.000007
   28.400000    0.000000    0.878646    0.002681    0.040726    0.008664    0.063294    0.005862    0.000112    0.000007    0.000008
   28.500000    0.000000    0.881645    0.002869    0.038102    0.008553    0.062787    0.005915    0.000115    0.000008    0.000008
   28.600000    0.000000    0.886445    0.003414    0.034151    0.008518    0.061419    0.005917    0.000120    0.000008    0.000007
   28.700000    0.000000    0.892711    0.003990    0.030123    0.008710    0.058458    0.005868    0.000125    0.000009    0.000007
   28.800000    0.000000    0.899879    0.004312    0.027194    0.009232    0.053459    0.005780    0.000128    0.000010    0.000007
   28.900000    0.000000    0.907408    0.004382    0.025815    0.009871    0.046716    0.005658    0.000131    0.000010    0.000008
   29.000000    0.000000    0.914976    0.004364    0.025607    0.010120    0.039268    0.005507    0.000139    0.000010    0.000009
   29.100000    0.000000    0.922497    0.004354    0.025577    0.009652    0.032406    0.005345    0.000148    0.000009    0.000011
   29.200000    0.000000    0.929944    0.004274    0.024649    0.008699    0.027069    0.005187    0.000157    0.000008    0.000012
   29.300000    0.000000    0.937097    0.003943    0.022358    0.007783    0.023582    0.005050    0.000165    0.000008    0.000013
   29.400000    0.000000    0.943436    0.003268    0.019202    0.007215    0.021733    0.004954    0.000171    0.000007    0.000014
   29.500000    0.000000    0.948306    0.002422    0.016213    0.006917    0.021033    0.004909    0.000179    0.000006    0.000014
   29.600000    0.000000    0.951317    0.001722    0.014199    0.006701    0.020937    0.004915    0.000189    0.000007    0.000014
   29.700000    0.000000    0.952670    0.001306    0.013356    0.006474    0.021005    0.004972    0.000197    0.000008    0.000013
   29.800000    0.000000    0.953122    0.001049    0.013279    0.006262    0.021003    0.005061    0.000202    0.000010    0.000013
   29.900000    0.000000    0.953575    0.000866    0.013196    0.006087    0.020895    0.005153    0.000206    0.000010    0.000013
   30.000000    0.000000    0.954630    0.000921    0.012370    0.005952    0.020675    0.005224    0.000207    0.000009    0.000013
   30.100000    0.000000    0.956484    0.001367    0.010607    0.005865    0.020192    0.005266    0.000196    0.000009    0.000013
   30.200000    0.000000    0.959056    0.002042    0.008421    0.005912    0.019105    0.005265    0.000176    0.000009    0.000014
   30.300000    0.000000    0.962145    0.002584    0.006561    0.006255    0.017064    0.005215    0.000154    0.000010    0.000013
   30.400000    0.000000    0.965517    0.002800    0.005456    0.006925    0.014023    0.005119    0.000137    0.000011    0.000011
   30.500000    0.000000    0.968973    0.002782    0.005080    0.007585    0.010426    0.005005    0.000128    0.000011    0.000009
   30.600000    0.000000    0.972411    0.002714    0.005096    0.007717    0.007024    0.004895    0.000127    0.000010    0.000008
   30.700000    0.000000    0.975814    0.002657    0.004996    0.007151    0.004430    0.004809    0.000127    0.000008    0.000007
   30.800000    0.000000    0.979151    0.002506    0.004371    0.006263    0.002813    0.004755    0.000127    0.000008    0.000007
   30.900000    0.000000    0.982267    0.002089    0.003238    0.005560    0.001978    0.004725    0.000130    0.000007    0.000007
   31.000000    0.000000    0.984864    0.001398    0.002037    0.005214    0.001627    0.004711    0.000136    0.000007    0.000007
   31.100000    0.000000    0.986648    0.000683    0.001193    0.005077    0.001526    0.004716    0.000144    0.000006    0.000008
   31.200000    0.000000    0.987557    0.000235    0.000790    0.004988    0.001528    0.004739    0.000149    0.000006    0.000008
   31.300000    0.000000    0.987851    0.000076    0.000681    0.004900    0.001542    0.004785    0.000151    0.000007    0.000007
   31.400000    0.000000    0.987925    0.000026    0.000691    0.004815    0.001539    0.004840    0.000151    0.000007    0.000007
   31.500000    0.000000    0.987977    0.000069    0.000638    0.004747    0.001518    0.004888    0.000150    0.000007    0.000007
   31.600000    0.000000    0.987915    0.000400    0.000430    0.004714    0.001460    0.004917    0.000149    0.000007    0.000007
   31.700000    0.000000    0.987545    0.001087    0.000202    0.004755    0.001326    0.004918    0.000151    0.000007    0.000008
   31.800000    0.000000    0.986815    0.001858    0.000198    0.004992    0.001071    0.004897    0.000152    0.000008    0.000008
   31.900000    0.000000    0.985838    0.002369    0.000445    0.005578    0.000743    0.004857    0.000153    0.000008    0.000008
   32.000000    0.000000    0.984769    0.002526    0.000708    0.006426    0.000592    0.004807    0.000155    0.000008    0.000008
   32.100000    0.000000    0.983699    0.002486    0.000811    0.007086    0.000986    0.004757    0.000158    0.000008    0.000008
   32.200000    0.000000    0.982646    0.002420    0.000806    0.007104    0.002123    0.004725    0.000160    0.000009    0.000007
   32.300000    0.000000    0.981600    0.002347    0.000864    0.006495    0.003796    0.004720    0.000161    0.000010    0.000007
   32.400000    0.000000    0.980563    0.002138    0.001159    0.005740    0.005484    0.004733    0.000166    0.000010    0.000007
   32.500000    0.000000    0.979556    0.001670    0.001849    0.005270    0.006709    0.004752    0.000176    0.000010    0.000008
   32.600000    0.000000    0.978615    0.001028    0.002920    0.005126    0.007332    0.004772    0.000189    0.000010    0.000009
   32.700000    0.000000    0.977805    0.000508    0.004026    0.005128    0.007526    0.004790    0.000200    0.000009    0.000009
   32.800000    0.000000    0.977231    0.000323    0.004721    0.005153    0.007547    0.004803    0.000205    0.000009    0.000009
   32.900000    0.000000    0.976933    0.000394    0.004898    0.005183    0.007561    0.004806    0.000207    0.000010    0.000008
   33.000000    0.000000    0.976684    0.000556    0.004885    0.005241    0.007605    0.004802    0.000210    0.000010    0.000007
   33.100000    0.000000    0.975927    0.000862    0.005175    0.005329    0.007682    0.004796    0.000212    0.000009    0.000007
   33.200000    0.000000    0.974031    0.001485    0.006142    0.005454    0.007860    0.004804    0.000209    0.000009    0.000006
   33.300000    0.000000    0.970697    0.002363    0.007894    0.005670    0.008338    0.004827    0.000197    0.000009    0.000006
   33.400000    0.000000    0.966132    0.003152    0.010102    0.006118    0.009441    0.004861    0.000180    0.000009    0.000006
   33.500000    0.000000    0.960864    0.003573    0.012036    0.006912    0.011534    0.004899    0.000167    0.000009    0.000006
   33.600000    0.000000    0.955389    0.003649    0.013076    0.007856    0.014912    0.004943    0.000160    0.000009    0.000005
   33.700000    0.000000    0.949967    0.003586    0.013250    0.008448    0.019582    0.004996    0.000157    0.000009    0.000005
   33.800000    0.000000    0.944638    0.003526    0.013234    0.008342    0.025028    0.005065    0.000152    0.000010    0.000005
   33.900000    0.000000    0.939395    0.003435    0.013842    0.007747    0.030273    0.005144    0.000147    0.000011    0.000005
   34.000000    0.000000    0.934351    0.003169    0.015572    0.007190    0.034339    0.005214    0.000148    0.000012    0.000004
   34.100000    0.000000    0.929796    0.002658    0.018370    0.006970    0.036770    0.005262    0.000158    0.000011    0.000004
   34.200000    0.000000    0.926107    0.002088    0.021537    0.007007    0.037792    0.005288    0.000169    0.000010    0.000004
   34.300000    0.000000    0.923589    0.001779    0.024023    0.007114    0.038014    0.005292    0.000176    0.000008    0.000004
   34.400000    0.000000    0.922292    0.001849    0.025175    0.007198    0.038014    0.005281    0.000179    0.000008    0.000004
   34.500000    0.000000    0.921806    0.002125    0.025282    0.007288    0.038049    0.005264    0.000175    0.000009    0.000004
   34.600000    0.000000    0.921184    0.002470    0.025358    0.007396    0.038166    0.005245    0.000167    0.000011    0.000003
   34.700000    0.000000    0.919210    0.002998    0.026462    0.007537    0.038382    0.005232    0.000164    0.000012    0.000004
   34.800000    0.000000    0.914970    0.003835    0.029106    0.007739    0.038935    0.005232    0.000167    0.000012    0.000004
   34.900000    0.000000    0.908327    0.004803    0.032992    0.008087    0.040351    0.005254    0.000171    0.000011    0.000005
   35.000000    0.000000    0.899901    0.005529    0.037053    0.008741    0.043285    0.005305    0.000170    0.000010    0.000006
   35.100000    0.000000    0.890618    0.005822    0.039995    0.009732    0.048264    0.005385    0.000167    0.000009    0.000007
   35.200000    0.000000    0.881205    0.005791    0.041212    0.010726    0.055395    0.005489    0.000165    0.000009    0.000007
   35.300000    0.000000    0.871972    0.005652    0.041269    0.011204    0.064097    0.005625    0.000166    0.000010    0.000006
   35.400000    0.000000    0.862944    0.005519    0.041486    0.010980    0.073086    0.005804    0.000165    0.000011    0.000005
   35.500000    0.000000    0.854158    0.005339    0.043081    0.010411    0.080818    0.006012    0.000167    0.000011    0.000004
   35.600000    0.000000    0.845913    0.004988    0.046512    0.009997    0.086186    0.006211    0.000178    0.000011    0.000004
   35.700000    0.000000    0.838771    0.004476    0.051231    0.009925    0.089016    0.006369    0.000194    0.000011    0.000006
   35.800000    0.000000    0.833345    0.004036    0.055872    0.010068    0.089988    0.006462    0.000209    0.000011    0.000009
   35.900000    0.000000    0.829976    0.003934    0.059019    0.010274    0.090077    0.006479    0.000216    0.000012    0.000012
   36.000000    0.000000    0.828434    0.004175    0.060205    0.010494    0.090016    0.006432    0.000216    0.000012    0.000014
   36.100000    0.000000    0.827754    0.004558    0.060225    0.010739    0.090129    0.006357    0.000210    0.000012    0.000015
   36.200000    0.000000    0.826368    0.005026    0.060672    0.010998    0.090419    0.006286    0.000205    0.000012    0.000014
   36.300000    0.000000    0.822697    0.005723    0.062872    0.011263    0.090961    0.006260    0.000200    0.000012    0.000012
   36.400000    0.000000    0.815863    0.006682    0.067187    0.011563    0.092175    0.006317    0.000192    0.000012    0.000010
   36.500000    0.000000    0.806077    0.007618    0.072782    0.012018    0.094849    0.006451    0.000183    0.000012    0.000010
   36.600000    0.000000    0.794383    0.008184    0.077972    0.012782    0.099834    0.006645    0.000180    0.000011    0.000010
   36.700000    0.000000    0.781978    0.008301    0.081219    0.013802    0.107616    0.006880    0.000184    0.000010    0.000011
   36.800000    0.000000    0.769658    0.008159    0.082223    0.014651    0.117954    0.007144    0.000191    0.000009    0.000011
   36.900000    0.000000    0.757673    0.007965    0.082173    0.014869    0.129680    0.007421    0.000195    0.000010    0.000011
   37.000000    0.000000    0.746008    0.007775    0.082915    0.014459    0.140924    0.007702    0.000193    0.000012    0.000012
   37.100000    0.000000    0.734791    0.007490    0.085794    0.013908    0.149831    0.007969    0.000192    0.000011    0.000014
   37.200000    0.000000    0.724544    0.007007    0.090946    0.013638    0.155452    0.008194    0.000195    0.000010    0.000015
   37.300000    0.000000    0.716079    0.006428    0.097178    0.013685    0.158046    0.008358    0.000202    0.000010    0.000014
   37.400000    0.000000    0.710122    0.006057    0.102556    0.013862    0.158720    0.008452    0.000207    0.000012    0.000012
   37.500000    0.000000    0.706866    0.006102    0.105601    0.014029    0.158684    0.008488    0.000208    0.000012    0.000010
   37.600000    0.000000    0.705651    0.006451    0.106330    0.014233    0.158636    0.008477    0.000203    0.000010    0.000009
   37.700000    0.000000    0.704921    0.006886    0.106313    0.014434    0.158786    0.008448    0.000195    0.000009    0.000010
   37.800000    0.000000    0.702663    0.007413    0.107491    0.014669    0.159129    0.008426    0.000189    0.000010    0.000010
   37.900000    0.000000    0.697222    0.008186    0.111093    0.014935    0.159908    0.008447    0.000187    0.000010    0.000012
   38.000000    0.000000    0.688039    0.009139    0.116968    0.015280    0.161832    0.008530    0.000189    0.000010    0.000014
   38.100000    0.000000    0.675799    0.009925    0.123635    0.015836    0.165900    0.008691    0.000190    0.000010    0.000015
   38.200000    0.000000    0.661881    0.010258    0.129050    0.016710    0.172955    0.008930    0.000190    0.000010    0.000016
   38.300000    0.000000    0.647574    0.010163    0.131887    0.017712    0.183212    0.009237    0.000190    0.000010    0.000016
   38.400000    0.000000    0.633586    0.009862    0.132469    0.018359    0.195918    0.009590    0.000190    0.000010    0.000016
   38.500000    0.000000    0.620071    0.009540    0.132543    0.018306    0.209347    0.009980    0.000188    0.000010    0.000016
   38.600000    0.000000    0.607027    0.009218    0.134097    0.017747    0.221320    0.010379    0.000186    0.000009    0.000016
   38.700000    0.000000    0.594729    0.008795    0.138208    0.017200    0.230104    0.010750    0.000190    0.000008    0.000016
   38.800000    0.000000    0.583875    0.008216    0.144495    0.016989    0.235160    0.011041    0.000201    0.000007    0.000016
   38.900000    0.000000    0.575355    0.007639    0.151281    0.017064    0.237204    0.011219    0.000214    0.000007    0.000017
   39.000000    0.000000    0.569784    0.007343    0.156504    0.017273    0.237578    0.011270    0.000225    0.000007    0.000018
   39.100000    0.000000    0.567056    0.007430    0.159041    0.017487    0.237516    0.011217    0.000227    0.000008    0.000019
   39.200000    0.000000    0.566105    0.007722    0.159465    0.017707    0.237640    0.011110    0.000223    0.000008    0.000020
   39.300000    0.000000    0.565010    0.008096    0.159686    0.017934    0.238021    0.011005    0.000220    0.000008    0.000020
   39.400000    0.000000    0.561669    0.008629    0.161686    0.018144    0.238665    0.010964    0.000217    0.000008    0.000018
   39.500000    0.000000    0.554670    0.009426    0.166361    0.018345    0.239928    0.011030    0.000215    0.000008    0.000017
   39.600000    0.000000    0.543903    0.010298    0.173067    0.018619    0.242654    0.011216    0.000219    0.000008    0.000016
   39.700000    0.000000    0.530438    0.010872    0.179918    0.019129    0.247877    0.011517    0.000226    0.000007    0.000016
   39.800000    0.000000    0.515792    0.010962    0.184844    0.019916    0.256317    0.011912    0.000234    0.000006    0.000017
   39.900000    0.000000    0.501147    0.010692    0.186958    0.020678    0.267890    0.012369    0.000243    0.000005    0.000018
   40.000000    0.000000    0.487016    0.010295    0.187187    0.020927    0.281447    0.012855    0.000248    0.000006    0.000018
   40.100000    0.000000    0.473435    0.009894    0.187604    0.020502    0.294954    0.013336    0.000250    0.000006    0.000018
   40.200000    0.000000    0.460441    0.009445    0.190068    0.019776    0.306213    0.013781    0.000250    0.000006    0.000019
   40.300000    0.000000    0.448459    0.008838    0.195190    0.019251    0.313823    0.014160    0.000253    0.000006    0.000020
   40.400000    0.000000    0.438308    0.008101    0.202031    0.019098    0.317734    0.014444    0.000256    0.000006    0.000022
   40.500000    0.000000    0.430841    0.007483    0.208579    0.019169    0.319013    0.014625    0.000261    0.000006    0.000023
   40.600000    0.000000    0.426447    0.007250    0.212921    0.019292    0.319081    0.014715    0.000265    0.000006    0.000023
   40.700000    0.000000    0.424658    0.007388    0.214526    0.019418    0.318978    0.014739    0.000265    0.000006    0.000022
   40.800000    0.000000    0.424040    0.007669    0.214627    0.019566    0.319080    0.014729    0.000261    0.000006    0.000021
   40.900000    0.000000    0.422530    0.008002    0.215334    0.019709    0.319407    0.014732    0.000260    0.000006    0.000021
   41.000000    0.000000    0.418242    0.008528    0.218227    0.019857    0.320074    0.014784    0.000260    0.000006    0.000021
   41.100000    0.000000    0.410252    0.009280    0.223606    0.020024    0.321624    0.014921    0.000264    0.000006    0.000023
   41.200000    0.000000    0.398946    0.009985    0.230331    0.020308    0.324978    0.015150    0.000271    0.000007    0.000025
   41.300000    0.000000    0.385628    0.010303    0.236413    0.020850    0.331009    0.015481    0.000281    0.000007    0.000027
   41.400000    0.000000    0.371724    0.010157    0.240193    0.021597    0.340102    0.015897    0.000296    0.000007    0.000028
   41.500000    0.000000    0.358157    0.009733    0.241458    0.022150    0.351790    0.016364    0.000314    0.000007    0.000028
   41.600000    0.000000    0.345228    0.009252    0.241560    0.022082    0.364659    0.016855    0.000331    0.000007    0.000026
   41.700000    0.000000    0.332927    0.008790    0.242456    0.021414    0.376706    0.017336    0.000340    0.000006    0.000025
   41.800000    0.000000    0.321376    0.008268    0.245504    0.020626    0.386096    0.017756    0.000344    0.000006    0.000024
   41.900000    0.000000    0.311068    0.007589    0.250787    0.020143    0.391972    0.018065    0.000347    0.000006    0.000024
   42.000000    0.000000    0.302743    0.006826    0.257089    0.020018    0.394713    0.018231    0.000350    0.000006    0.000025
   42.100000    0.000000    0.297016    0.006244    0.262532    0.020108    0.395465    0.018251    0.000354    0.000006    0.000026
   42.200000    0.000000    0.293970    0.006030    0.265753    0.020185    0.395516    0.018158    0.000353    0.000007    0.000027
   42.300000    0.000000    0.292904    0.006096    0.266734    0.020249    0.395631    0.018002    0.000350    0.000008    0.000028
   42.400000    0.000000    0.292343    0.006252    0.266887    0.020307    0.395985    0.017845    0.000345    0.000008    0.000028
   42.500000    0.000000    0.290457    0.006512    0.267984    0.020360    0.396556    0.017751    0.000344    0.000009    0.000028
   42.600000    0.000000    0.285788    0.007031    0.271143    0.020388    0.397499    0.017768    0.000346    0.000010    0.000027
   42.700000    0.000000    0.277905    0.007748    0.276252    0.020440    0.399354    0.017909    0.000357    0.000011    0.000025
   42.800000    0.000000    0.267500    0.008324    0.282049    0.020644    0.402904    0.018170    0.000374    0.000012    0.000023
   42.900000    0.000000    0.255863    0.008466    0.286795    0.021122    0.408798    0.018527    0.000394    0.000013    0.000022
   43.000000    0.000000    0.244165    0.008193    0.289370    0.021698    0.417171    0.018956    0.000412    0.000014    0.000021
   43.100000    0.000000    0.233032    0.007721    0.290039    0.021935    0.427387    0.019423    0.000426    0.000015    0.000021
   43.200000    0.000000    0.222590    0.007228    0.290227    0.021509    0.438084    0.019887    0.000434    0.000018    0.000022
   43.300000    0.000000    0.212815    0.006729    0.291498    0.020623    0.447538    0.020317    0.000437    0.000019    0.000024
   43.400000    0.000000    0.203873    0.006122    0.294652    0.019798    0.454400    0.020673    0.000438    0.000017    0.000027
   43.500000    0.000000    0.196217    0.005355    0.299372    0.019356    0.458281    0.020932    0.000442    0.000016    0.000029
   43.600000    0.000000    0.190393    0.004585    0.304412    0.019238    0.459797    0.021080    0.000450    0.000016    0.000029
   43.700000    0.000000    0.186723    0.004089    0.308269    0.019250    0.460035    0.021131    0.000459    0.000016    0.000029
   43.800000    0.000000    0.185039    0.003963    0.310156    0.019294    0.459927    0.021113    0.000464    0.000015    0.000028
   43.900000    0.000000    0.184565    0.004028    0.310541    0.019347    0.459948    0.021063    0.000467    0.000014    0.000027
   44.000000    0.000000    0.184003    0.004143    0.310758    0.019422    0.460143    0.021023    0.000469    0.000012    0.000027
   44.100000    0.000000    0.181942    0.004408    0.312112    0.019470    0.460520    0.021040    0.000469    0.000011    0.000028
   44.200000    0.000000    0.177504    0.004955    0.315087    0.019497    0.461300    0.021142    0.000474    0.000011    0.000029
   44.300000    0.000000    0.170735    0.005624    0.319254    0.019564    0.462957    0.021337    0.000487    0.000011    0.000030
   44.400000    0.000000    0.162465    0.006055    0.323471    0.019825    0.466013    0.021621    0.000506    0.000012    0.000032
   44.500000    0.000000    0.153764    0.006055    0.326502    0.020335    0.470801    0.021966    0.000529    0.000012    0.000034
   44.600000    0.000000    0.145412    0.005735    0.327849    0.020816    0.477241    0.022343    0.000555    0.000013    0.000035
   44.700000    0.000000    0.137724    0.005319    0.328076    0.020819    0.484716    0.022717    0.000580    0.000013    0.000034
   44.800000    0.000000    0.130710    0.004929    0.328335    0.020189    0.492138    0.023061    0.000591    0.000014    0.000033
   44.900000    0.000000    0.124360    0.004515    0.329567    0.019273    0.498307    0.023341    0.000590    0.000014    0.000032
   45.000000    0.000000    0.118820    0.003950    0.332047    0.018573    0.502461    0.023525    0.000579    0.000013    0.000032
   45.100000    0.000000    0.114363    0.003220    0.335346    0.018270    0.504604    0.023589    0.000563    0.000013    0.000032
   45.200000    0.000000    0.111221    0.002530    0.338543    0.018221    0.505359    0.023532    0.000548    0.000014    0.000032
   45.300000    0.000000    0.109432    0.002126    0.340725    0.018241    0.505517    0.023377    0.000535    0.000014    0.000032
   45.400000    0.000000    0.108738    0.002020    0.341632    0.018266    0.505606    0.023165    0.000525    0.000015    0.000033
   45.500000    0.000000    0.108544    0.002035    0.341808    0.018292    0.505812    0.022941    0.000519    0.000015    0.000034
   45.600000    0.000000    0.108007    0.002118    0.342126    0.018330    0.506099    0.022750    0.000523    0.000014    0.000034
   45.700000    0.000000    0.106326    0.002441    0.343187    0.018352    0.506485    0.022630    0.000533    0.000013    0.000033
   45.800000    0.000000    0.103156    0.003071    0.345085    0.018380    0.507116    0.022602    0.000547    0.000014    0.000030
   45.900000    0.000000    0.098777    0.003755    0.347458    0.018509    0.508222    0.022675    0.000560    0.000016    0.000028
   46.000000    0.000000    0.093878    0.004148    0.349628    0.018871    0.510020    0.022837    0.000573    0.000017    0.000027
   46.100000    0.000000    0.089132    0.004146    0.350994    0.019420    0.512615    0.023066    0.000582    0.000019    0.000027
   46.200000    0.000000    0.084921    0.003907    0.351484    0.019769    0.515965    0.023316    0.000592    0.000019    0.000027
   46.300000    0.000000    0.081338    0.003623    0.351573    0.019516    0.519745    0.023558    0.000600    0.000019    0.000028
   46.400000    0.000000    0.078355    0.003350    0.351822    0.018697    0.523359    0.023766    0.000605    0.000018    0.000029
   46.500000    0.000000    0.075957    0.002992    0.352519    0.017774    0.526186    0.023921    0.000606    0.000017    0.000029
   46.600000    0.000000    0.074165    0.002438    0.353645    0.017193    0.527912    0.023997    0.000604    0.000017    0.000029
   46.700000    0.000000    0.072962    0.001754    0.354967    0.017014    0.528653    0.024006    0.000600    0.000017    0.000028
   46.800000    0.000000    0.072252    0.001193    0.356096    0.017042    0.528819    0.023955    0.000599    0.000017    0.000027
   46.900000    0.000000    0.071907    0.000939    0.356726    0.017131    0.528782    0.023875    0.000598    0.000016    0.000026
   47.000000    0.000000    0.071798    0.000904    0.356904    0.017244    0.528722    0.023790    0.000594    0.000017    0.000026
   47.100000    0.000000    0.071744    0.000922    0.356933    0.017377    0.528673    0.023720    0.000589    0.000018    0.000025
   47.200000    0.000000    0.071482    0.001047    0.357033    0.017510    0.528617    0.023684    0.000583    0.000019    0.000025
   47.300000    0.000000    0.070802    0.001476    0.357226    0.017628    0.528541    0.023701    0.000584    0.000017    0.000025
   47.400000    0.000000    0.069745    0.002180    0.357492    0.017753    0.528425    0.023777    0.000588    0.000014    0.000025
   47.500000    0.000000    0.068617    0.002841    0.357802    0.018008    0.528189    0.023910    0.000593    0.000013    0.000025
   47.600000    0.000000    0.067788    0.003177    0.358055    0.018508    0.527734    0.024094    0.000605    0.000013    0.000026
   47.700000    0.000000    0.067480    0.003197    0.358169    0.019091    0.527109    0.024289    0.000626    0.000013    0.000026
   47.800000    0.000000    0.067741    0.003091    0.358196    0.019323    0.526496    0.024463    0.000652    0.000012    0.000026
   47.900000    0.000000    0.068533    0.003007    0.358181    0.018923    0.526054    0.024587    0.000676    0.000012    0.000027
   48.000000    0.000000    0.069811    0.002924    0.358004    0.018104    0.525788    0.024654    0.000677    0.000012    0.000028
   48.100000    0.000000    0.071482    0.002697    0.357489    0.017377    0.525612    0.024641    0.000660    0.000013    0.000029
   48.200000    0.000000    0.073324    0.002235    0.356692    0.017042    0.525482    0.024547    0.000635    0.000014    0.000030
   48.300000    0.000000    0.074977    0.001660    0.355863    0.017018    0.525430    0.024396    0.000610    0.000016    0.000031
   48.400000    0.000000    0.076102    0.001233    0.355223    0.017095    0.525498    0.024206    0.000595    0.000016    0.000031
   48.500000    0.000000    0.076611    0.001068    0.354868    0.017181    0.525626    0.024013    0.000585    0.000016    0.000031
   48.600000    0.000000    0.076734    0.001040    0.354774    0.017278    0.525724    0.023825    0.000579    0.000016    0.000030
   48.700000    0.000000    0.076864    0.001053    0.354689    0.017399    0.525720    0.023649    0.000582    0.000016    0.000028
   48.800000    0.000000    0.077345    0.001260    0.354155    0.017557    0.525568    0.023483    0.000590    0.000015    0.000027
   48.900000    0.000000    0.078419    0.001834    0.352878    0.017761    0.525139    0.023329    0.000598    0.000014    0.000027
   49.000000    0.000000    0.080259    0.002648    0.351060    0.018041    0.524144    0.023207    0.000600    0.000015    0.000026
   49.100000    0.000000    0.082953    0.003351    0.349240    0.018525    0.522164    0.023126    0.000599    0.000017    0.000026
   49.200000    0.000000    0.086447    0.003728    0.347896    0.019236    0.518967    0.023081    0.000603    0.000017    0.000026
   49.300000    0.000000    0.090570    0.003850    0.347230    0.019885    0.514756    0.023053    0.000613    0.000016    0.000027
   49.400000    0.000000    0.095165    0.003901    0.347062    0.020023    0.510156    0.023031    0.000620    0.000014    0.000028
   49.500000    0.000000    0.100156    0.003966    0.346808    0.019514    0.505902    0.022997    0.000615    0.000013    0.000029
   49.600000    0.000000    0.105466    0.003966    0.345737    0.018722    0.502531    0.022937    0.000598    0.000013    0.000029
   49.700000    0.000000    0.110834    0.003757    0.343537    0.018149    0.500256    0.022844    0.000581    0.000013    0.000030
   49.800000    0.000000    0.115721    0.003308    0.340637    0.017983    0.499011    0.022725    0.000572    0.000013    0.000030
   49.900000    0.000000    0.119464    0.002812    0.337879    0.018082    0.498539    0.022608    0.000572    0.000015    0.000030
   50.000000    0.000000    0.121655    0.002507    0.335973    0.018258    0.498459    0.022528    0.000574    0.000015    0.000030
