- - - XXZ 10 qubits output signals  - - - 
dt   Re(C(t))    Im(C(t))   Re(F(t))    Im(F(t))
0.0000     1.000000    0.000000
0.0125     1.023114    0.449531
0.0250     1.085740    0.341942
0.0375     1.135679    0.224766
0.0500     1.171161    0.104369
0.0625     1.191421    -0.026265
0.0750     1.195452    -0.155027
0.0875     1.185092    -0.286425
0.1000     1.161510    -0.417077
0.1125     1.119738    -0.544440
0.1250     1.062867    -0.667879
0.1375     0.991672    -0.782573
0.1500     0.906960    -0.886731
0.1625     0.809434    -0.982081
0.1750     0.700690    -1.065376
0.1875     0.582522    -1.135407
0.2000     0.456567    -1.196359
0.2125     0.324733    -1.237785
0.2250     0.194760    -1.263615
0.2375     0.064350    -1.273575
0.2500     -0.065458    -1.267366
0.2625     -0.201144    -1.245417
0.2750     -0.329873    -1.204878
0.2875     -0.460485    -1.151893
0.3000     -0.574494    -1.083287
0.3125     -0.679294    -1.001513
0.3250     -0.773143    -0.909647
0.3375     -0.855261    -0.814758
0.3500     -0.924614    -0.707415
0.3625     -0.979998    -0.593462
0.3750     -1.012584    -0.482438
0.3875     -1.035253    -0.364558
0.4000     -1.045413    -0.246510
0.4125     -1.036396    -0.130221
0.4250     -1.014183    -0.017707
0.4375     -0.987259    0.088920
0.4500     -0.941052    0.188857
0.4625     -0.894202    0.283052
0.4750     -0.828181    0.364025
0.4875     -0.754183    0.436501
0.5000     -0.673469    0.500859
0.5125     -0.586787    0.547076
0.5250     -0.507300    0.579939
0.5375     -0.417994    0.595100
0.5500     -0.328948    0.598940
0.5625     -0.247411    0.608331
0.5750     -0.166127    0.594056
0.5875     -0.090951    0.577348
0.6000     -0.020524    0.544617
0.6125     0.050117    0.509996
0.6250     0.107714    0.464267
0.6375     0.153201    0.413296
0.6500     0.189009    0.353318
0.6625     0.206130    0.300178
0.6750     0.222998    0.239550
0.6875     0.247879    0.176226
0.7000     0.238034    0.109817
0.7125     0.210219    0.049949
0.7250     0.190933    0.007087
0.7375     0.174469    -0.045660
0.7500     0.152247    -0.082112
0.7625     0.103088    -0.109161
0.7750     0.058204    -0.130875
0.7875     0.003661    -0.139695
0.8000     -0.055644    -0.148589
0.8125     -0.113370    -0.146070
0.8250     -0.165677    -0.131938
0.8375     -0.207492    -0.113924
0.8500     -0.250530    -0.088288
0.8625     -0.276325    -0.048536
0.8750     -0.305699    0.014011
0.8875     -0.333251    0.059590
0.9000     -0.332617    0.102163
0.9125     -0.359434    0.148781
0.9250     -0.340450    0.195736
0.9375     -0.336040    0.245112
0.9500     -0.307938    0.289415
0.9625     -0.280832    0.352222
0.9750     -0.253177    0.406409
0.9875     -0.218906    0.453641
1.0000     -0.180701    0.488809
1.0125     -0.125057    0.514390
1.0250     -0.070955    0.532545
1.0375     -0.007914    0.550680
1.0500     0.065135    0.533135
1.0625     0.143121    0.528744
1.0750     0.173170    0.490931
1.0875     0.216644    0.461962
1.1000     0.253363    0.433222
1.1125     0.319435    0.408345
1.1250     0.369721    0.360801
1.1375     0.401433    0.326075
1.1500     0.442411    0.276124
1.1625     0.466486    0.216866
1.1750     0.476952    0.166655
1.1875     0.492735    0.108360
1.2000     0.483501    0.051184
1.2125     0.497941    -0.008028
1.2250     0.492711    -0.072939
1.2375     0.496816    -0.133775
1.2500     0.464724    -0.167910
1.2625     0.427289    -0.254575
1.2750     0.377350    -0.297491
1.2875     0.323225    -0.322591
1.3000     0.281653    -0.338419
1.3125     0.233606    -0.364202
1.3250     0.197097    -0.386887
1.3375     0.132954    -0.392193
1.3500     0.097952    -0.388001
1.3625     0.060257    -0.369173
1.3750     0.004955    -0.367191
1.3875     -0.033785    -0.352514
1.4000     -0.068213    -0.322551
1.4125     -0.084017    -0.281735
1.4250     -0.145819    -0.246351
1.4375     -0.181681    -0.217441
1.4500     -0.213815    -0.172625
1.4625     -0.211789    -0.143600
1.4750     -0.215837    -0.097645
1.4875     -0.197597    -0.080205
1.5000     -0.188446    -0.030195
1.5125     -0.162842    -0.004349
1.5250     -0.140026    0.007375
1.5375     -0.096474    0.034900
1.5500     -0.060460    0.051428
1.5625     -0.020358    0.075246
1.5750     0.011034    0.107281
1.5875     0.061154    0.127975
1.6000     0.081619    0.112893
1.6125     0.095238    0.102700
1.6250     0.142877    0.073682
1.6375     0.143153    0.024153
1.6500     0.166896    0.018664
1.6625     0.183008    -0.004852
1.6750     0.217063    -0.045995
1.6875     0.217117    -0.074303
1.7000     0.219918    -0.099739
1.7125     0.221768    -0.135596
1.7250     0.200743    -0.152453
1.7375     0.175375    -0.192222
1.7500     0.147829    -0.213104
1.7625     0.122138    -0.216554
1.7750     0.122020    -0.255864
1.7875     0.084255    -0.289102
1.8000     0.055820    -0.312598
1.8125     0.014304    -0.316410
1.8250     -0.026222    -0.353899
1.8375     -0.083964    -0.354945
1.8500     -0.114664    -0.343164
1.8625     -0.153610    -0.333235
1.8750     -0.202353    -0.302058
1.8875     -0.243070    -0.298104
1.9000     -0.290591    -0.269374
1.9125     -0.323914    -0.232940
1.9250     -0.351723    -0.184111
1.9375     -0.369482    -0.161069
1.9500     -0.368847    -0.126462
1.9625     -0.385365    -0.095227
1.9750     -0.388289    -0.036007
1.9875     -0.387846    0.000629
2.0000     -0.377095    0.062672
2.0125     -0.362298    0.090973
2.0250     -0.347388    0.130351
2.0375     -0.323534    0.165191
2.0500     -0.290210    0.224334
2.0625     -0.259450    0.231488
2.0750     -0.213953    0.240741
2.0875     -0.179667    0.258956
2.1000     -0.135801    0.269754
2.1125     -0.101728    0.278930
2.1250     -0.072441    0.268431
2.1375     -0.026994    0.253506
2.1500     0.009742    0.217379
2.1625     0.052123    0.197527
2.1750     0.073439    0.175128
2.1875     0.094092    0.138414
2.2000     0.113319    0.097731
2.2125     0.128834    0.059425
2.2250     0.140739    0.041248
2.2375     0.153193    -0.005601
2.2500     0.142000    -0.042737
2.2625     0.116350    -0.074681
2.2750     0.092644    -0.105563
2.2875     0.062004    -0.124150
2.3000     0.031567    -0.154921
2.3125     0.011575    -0.173264
2.3250     -0.024964    -0.188749
2.3375     -0.059462    -0.190258
2.3500     -0.096516    -0.175153
2.3625     -0.146263    -0.165022
2.3750     -0.169524    -0.142883
2.3875     -0.216852    -0.134748
2.4000     -0.239572    -0.070635
2.4125     -0.277677    -0.064750
2.4250     -0.330019    -0.040130
2.4375     -0.323920    0.008782
2.4500     -0.339306    0.059444
2.4625     -0.353405    0.115407
2.4750     -0.362493    0.157426
2.4875     -0.350863    0.210508
2.5000     -0.359144    0.267162
