-3.627213005296663
-3.2092514639875525
-3.2092514639875507
-3.2092514639875507
-3.209251463987549
-2.82842712474619
-2.6858461655543406
-2.6858461655543406
-2.685846165554339
-2.000000000000001
-2.000000000000001
-2.000000000000001
-2.000000000000001
-2.000000000000001
-2.000000000000001
-2.000000000000001
-2.000000000000001
-1.9999999999999991
-1.9999999999999991
-1.9999999999999991
-1.9999999999999991
-1.9999999999999991
-1.6457513110645916
-1.6457513110645916
-1.6457513110645898
-1.6457513110645898
-1.6272130052966607
-1.2360679774997911
-1.2360679774997911
-1.2360679774997894
-1.2360679774997894
-1.2360679774997894
-1.2360679774997894
-1.2360679774997894
-1.2360679774997894
-1.2092514639875516
-1.2092514639875516
-1.2092514639875516
-1.2092514639875516
-0.7320508075688787
-0.7320508075688772
-0.7320508075688772
-0.7320508075688772
-2.3800644419223336e-15
-2.3800644419223336e-15
-2.3800644419223336e-15
-2.3800644419223336e-15
-2.3800644419223336e-15
-6.161542687868961e-16
-6.161542687868961e-16
-6.161542687868961e-16
-6.161542687868961e-16
-6.161542687868961e-16
-6.161542687868961e-16
-6.161542687868961e-16
-6.161542687868961e-16
-6.161542687868961e-16
-6.161542687868961e-16
-6.161542687868961e-16
-6.161542687868961e-16
-6.161542687868961e-16
-6.161542687868961e-16
-6.161542687868961e-16
-6.161542687868961e-16
-6.161542687868961e-16
-6.161542687868961e-16
-6.161542687868961e-16
-6.161542687868961e-16
0.0
1.1477559043485416e-15
1.1477559043485416e-15
1.1477559043485416e-15
1.1477559043485416e-15
1.1477559043485416e-15
1.1477559043485416e-15
1.1477559043485416e-15
1.1477559043485416e-15
1.1477559043485416e-15
1.1477559043485416e-15
1.1477559043485416e-15
1.1477559043485416e-15
1.1477559043485416e-15
1.1477559043485416e-15
0.35424868893541017
0.35424868893541017
0.35424868893541017
0.35424868893541017
0.37278699470333787
0.4687730118690755
0.4687730118690755
0.46877301186907716
0.46877301186907716
0.7639320225002098
0.7639320225002098
0.9413668397423209
1.0586331602576782
1.0586331602576782
1.0586331602576782
1.1715728752538088
1.267949192431121
1.2679491924311228
1.2679491924311228
1.2679491924311228
1.5312269881309235
1.5312269881309235
1.5312269881309253
1.5312269881309253
1.9999999999999978
1.9999999999999978
1.9999999999999978
1.9999999999999978
1.9999999999999978
1.9999999999999978
1.9999999999999978
1.9999999999999978
1.9999999999999978
1.9999999999999978
1.9999999999999978
1.9999999999999978
1.9999999999999987
1.9999999999999991
1.9999999999999991
1.9999999999999991
1.9999999999999991
1.9999999999999991
1.9999999999999991
1.9999999999999991
1.9999999999999991
1.9999999999999991
1.9999999999999991
1.9999999999999991
1.9999999999999996
1.9999999999999998
2.0
2.000000000000001
2.000000000000001
2.000000000000001
2.000000000000001
2.000000000000001
2.000000000000001
2.000000000000001
2.000000000000001
2.000000000000001
2.000000000000001
2.000000000000001
2.000000000000001
2.000000000000001
2.000000000000001
2.000000000000001
2.0000000000000013
2.0000000000000027
2.0000000000000027
2.0000000000000027
2.0000000000000027
2.4687730118690743
2.4687730118690743
2.468773011869076
2.468773011869076
2.7320508075688767
2.7320508075688767
2.7320508075688767
2.7320508075688767
2.76393202250021
2.76393202250021
2.8284271247461907
2.9413668397423214
3.236067977499788
3.236067977499788
3.236067977499788
3.23606797749979
3.23606797749979
3.23606797749979
3.23606797749979
3.23606797749979
3.531226988130924
3.531226988130924
3.531226988130924
3.531226988130924
3.645751311064589
3.645751311064589
3.6457513110645907
3.6457513110645907
3.9999999999999973
3.9999999999999973
3.9999999999999973
3.9999999999999973
3.9999999999999973
3.9999999999999973
3.9999999999999973
3.999999999999999
3.999999999999999
3.999999999999999
3.999999999999999
3.999999999999999
3.999999999999999
3.999999999999999
3.999999999999999
4.000000000000001
4.000000000000001
4.000000000000001
4.000000000000001
4.000000000000001
4.000000000000001
4.000000000000001
4.000000000000001
4.000000000000001
4.000000000000001
4.000000000000001
4.000000000000003
4.000000000000003
4.000000000000003
4.685846165554341
4.732050807568876
4.732050807568878
4.732050807568878
4.732050807568878
4.941366839742323
5.20925146398755
5.209251463987552
5.209251463987552
5.209251463987553
5.236067977499787
5.236067977499789
5.627213005296659
5.627213005296661
5.627213005296663
5.645751311064589
5.645751311064591
5.645751311064591
5.645751311064591
5.999999999999996
5.999999999999997
5.999999999999997
5.999999999999999
5.999999999999999
5.999999999999999
5.999999999999999
6.000000000000001
6.000000000000001
6.000000000000001
6.000000000000001
6.000000000000001
6.000000000000001
6.000000000000003
6.685846165554337
6.828427124746189
7.20925146398755
7.209251463987552
7.209251463987552
7.209251463987552
7.236067977499789
7.236067977499789
7.999999999999999
8.0
8.0
8.68584616555434
